0 0.3454 0 0 0 0 
8.73408e-06 1.69309 -0.224412 7.6049e-05 0.0543126 -1.45966e-06 
3.2884e-05 2.51065 -0.136046 0.000425553 0.134436 -7.86357e-06 
6.1579e-05 3.13374 0.0420103 0.000925954 0.165905 -1.58853e-05 
9.12636e-05 3.66821 0.251482 0.00145756 0.158217 -2.29178e-05 
0.000120618 4.15612 0.473506 0.00195408 0.126798 -2.78907e-05 
0.000134255 5.06917 0.376894 0.0023458 -0.0553901 -2.98648e-05 
0.000146816 5.94901 0.301023 0.00257713 -0.200456 -2.83868e-05 
0.000158805 6.79394 0.241361 0.00271702 -0.325431 -2.54548e-05 
0.000170449 7.60559 0.194359 0.00280124 -0.438968 -2.20385e-05 
0.000181848 8.38666 0.157284 0.00284888 -0.545482 -1.85982e-05 
0.000193045 9.13999 0.128037 0.0028707 -0.647248 -1.53435e-05 
0.000204062 9.86819 0.105017 0.00287318 -0.745451 -1.23614e-05 
0.000214913 10.5734 0.0870873 0.00286058 -0.84069 -9.6794e-06 
0.000225608 11.2573 0.0733391 0.00283597 -0.93332 -7.29663e-06 
0.000236154 11.9217 0.0630145 0.00280167 -1.02358 -5.1985e-06 
0.000246553 12.568 0.0554762 0.00275955 -1.11164 -3.36391e-06 
0.000256807 13.1973 0.0501863 0.00271107 -1.19764 -1.76925e-06 
0.000266917 13.8107 0.0466901 0.00265748 -1.2817 -3.90479e-07 
0.000276882 14.4092 0.0446036 0.00259977 -1.3639 7.95724e-07 
0.000286701 14.9937 0.0436036 0.00253879 -1.44433 1.8113e-06 
0.000296371 15.5648 0.0434197 0.00247524 -1.52308 2.67651e-06 
0.000305892 16.1232 0.0438277 0.00240971 -1.60019 3.40979e-06 
0.000315259 16.6695 0.0446434 0.00234269 -1.67572 4.02778e-06 
0.00032447 17.2042 0.0457183 0.00227459 -1.74973 4.5453e-06 
0.000333521 17.7277 0.0469347 0.00220576 -1.82226 4.97553e-06 
0.000342409 18.2404 0.0482016 0.00213649 -1.89335 5.33008e-06 
0.00035113 18.7426 0.0494516 0.00206703 -1.96303 5.61914e-06 
0.000359681 19.2347 0.0506365 0.00199758 -2.03133 5.85165e-06 
0.000368057 19.717 0.0517254 0.00192832 -2.09828 6.03538e-06 
0.000376255 20.1896 0.0527005 0.00185939 -2.1639 6.17712e-06 
0.00038427 20.6527 0.0535556 0.00179092 -2.22822 6.28277e-06 
0.000392098 21.1067 0.0542928 0.00172301 -2.29126 6.35744e-06 
0.000399734 21.5516 0.0549211 0.00165574 -2.35304 6.4056e-06 
0.000407174 21.9877 0.0554542 0.00158919 -2.41358 6.43111e-06 
0.000414414 22.4151 0.0559092 0.0015234 -2.4729 6.43734e-06 
0.000421448 22.834 0.0563053 0.00145843 -2.53102 6.42722e-06 
0.000428271 23.2444 0.0566625 0.0013943 -2.58796 6.40329e-06 
0.000434877 23.6466 0.0570014 0.00133105 -2.64373 6.36777e-06 
0.000441263 24.0407 0.0573422 0.00126868 -2.69836 6.3226e-06 
0.000447422 24.4269 0.0577046 0.00120721 -2.75187 6.26943e-06 
0.000137351 24.5427 0.0590895 0.0121337 -0.0948828 -0.000113681 
-0.000158777 23.952 0.05385 0.0240227 1.31014 -0.000216123 
-0.000450306 23.0428 0.0449512 0.0345615 1.9399 -0.000254789 
-0.000556124 22.045 0.0343883 0.0414278 2.11821 -0.00134096 
-0.000557209 21.083 0.0234755 0.0454029 2.03991 -0.0027217 
-0.000576645 20.2202 0.0130528 0.0477373 1.82264 -0.00357007 
-0.000660266 19.4848 0.00362049 0.0490063 1.53763 -0.00371796 
-0.000812625 18.8848 -0.00454952 0.0494579 1.22723 -0.00328747 
-0.00101835 18.4164 -0.0113379 0.049197 0.915966 -0.002497 
-0.00121486 18.0703 -0.016733 0.0479807 0.61765 -0.00180304 
-0.00139469 17.8342 -0.0207777 0.0460433 0.338799 -0.00123793 
-0.00155812 17.6946 -0.0235555 0.043629 0.0819627 -0.000782758 
-0.00170588 17.6388 -0.0251733 0.0409299 -0.152548 -0.000420751 
-0.00183891 17.6549 -0.0257447 0.0380933 -0.365671 -0.000137064 
-0.00195834 17.7319 -0.0253887 0.035229 -0.558991 8.13735e-05 
-0.00201785 17.8606 -0.0242328 0.0320554 -0.733975 -4.1094e-05 
-0.00201253 18.0325 -0.0223938 0.0286537 -0.892669 -0.000472519 
-0.00194255 18.2402 -0.0199824 0.025119 -1.03706 -0.00115648 
-0.00180993 18.4775 -0.0171034 0.0215342 -1.169 -0.0020364 
-0.00161799 18.7388 -0.0138543 0.0179692 -1.29015 -0.00305852 
-0.00137101 19.0197 -0.0103253 0.0144819 -1.40199 -0.00417378 
-0.0011302 19.3195 -0.00668621 0.0115592 -1.50166 -0.00496419 
-0.0009239 19.6355 -0.00304604 0.0093404 -1.58946 -0.00530985 
-0.000745748 19.97 0.000385681 0.00766502 -1.66132 -0.00529663 
-0.000591291 20.3134 0.00371151 0.00642684 -1.72521 -0.00505758 
-0.000512332 20.6557 0.00709296 0.00596847 -1.78918 -0.00436946 
-0.00048887 20.9947 0.0105365 0.00597825 -1.85473 -0.00347244 
-0.000467216 21.3308 0.013988 0.00593313 -1.92127 -0.00275293 
-0.000447302 21.6643 0.0173973 0.00584104 -1.9883 -0.00217612 
-0.000429052 21.9957 0.0207256 0.00570933 -2.0555 -0.00171406 
-0.000412396 22.3251 0.0239446 0.00554453 -2.12267 -0.00134429 
-0.000397267 22.6527 0.0270353 0.00535226 -2.18972 -0.00104874 
-0.000383617 22.9785 0.0299873 0.0051371 -2.25669 -0.000812934 
-0.000371408 23.3026 0.0327972 0.00490269 -2.32365 -0.000625216 
-0.000360612 23.6251 0.0354679 0.00465205 -2.39058 -0.000476213 
-0.000351204 23.946 0.038007 0.00438779 -2.45744 -0.000358383 
-0.000343162 24.2654 0.040426 0.00411213 -2.52419 -0.000265656 
-0.000336466 24.5834 0.0427399 0.00382703 -2.59079 -0.000193147 
-0.000331098 24.8999 0.0449642 0.00353413 -2.65721 -0.000136924 
-0.000327043 25.2149 0.0470976 0.00323485 -2.72345 -9.38219e-05 
-0.00032429 25.5285 0.0491365 0.00293035 -2.78949 -6.12931e-05 
-0.000322829 25.8407 0.0510792 0.00262164 -2.85532 -3.72803e-05 
-0.000322649 26.1516 0.0529252 0.00230956 -2.92094 -2.01279e-05 
-0.000323748 26.4611 0.0546753 0.00199475 -2.98637 -8.50584e-06 
-0.000326124 26.7693 0.0563316 0.00167761 -3.05168 -1.34553e-06 
-0.000329238 27.0768 0.057866 0.0013763 -3.10844 3.56046e-06 
-0.000332615 27.3818 0.0592611 0.00110343 -3.15785 6.95672e-06 
-0.000336044 27.6823 0.0605131 0.000861876 -3.20314 9.08623e-06 
-0.000339458 27.9776 0.0616248 0.000649954 -3.24593 1.02307e-05 
-0.000342856 28.2671 0.0626017 0.000464297 -3.28706 1.06487e-05 
-0.000346262 28.5509 0.0634508 0.000301165 -3.32693 1.05548e-05 
-0.00034971 28.8288 0.0641795 0.000157017 -3.36576 1.01177e-05 
-0.000353234 29.1009 0.0647956 2.87219e-05 -3.40367 9.46487e-06 
-0.000356862 29.3672 0.0653065 -8.63907e-05 -3.44073 8.68993e-06 
-0.00036062 29.6279 0.0657195 -0.000190555 -3.47697 7.85976e-06 
-0.000364528 29.8831 0.0660416 -0.000285619 -3.51241 7.02067e-06 
-0.000368601 30.1328 0.0662795 -0.000373102 -3.54709 6.20355e-06 
-0.00037285 30.3771 0.0664394 -0.000454247 -3.58101 5.42793e-06 
-0.000377285 30.6161 0.0665274 -0.00053007 -3.61418 4.70516e-06 
-0.00038191 30.8499 0.066549 -0.000601399 -3.64663 4.04075e-06 
-0.00038673 31.0786 0.0665098 -0.000668909 -3.67836 3.43619e-06 
-0.000391745 31.3022 0.0664146 -0.00073315 -3.70939 2.89029e-06 
-0.000396957 31.5209 0.0662682 -0.000794572 -3.73972 2.40013e-06 
-0.000402362 31.7347 0.066075 -0.000853538 -3.76937 1.96178e-06 
-0.000407959 31.9438 0.065839 -0.000910346 -3.79836 1.57078e-06 
-0.000413745 32.1482 0.0655643 -0.000965239 -3.82668 1.22247e-06 
-0.000419714 32.3479 0.0652543 -0.00101841 -3.85436 9.12287e-07 
-0.000425863 32.5431 0.0649126 -0.00107003 -3.88141 6.35824e-07 
-0.000432185 32.7338 0.0645421 -0.00112023 -3.90783 3.88987e-07 
-0.000438676 32.9201 0.0641458 -0.0011691 -3.93363 1.68015e-07 
-0.000445328 33.102 0.0637265 -0.00121675 -3.95883 -3.04934e-08 
-0.000452135 33.2797 0.0632866 -0.00126323 -3.98343 -2.09581e-07 
-0.00045909 33.4533 0.0628285 -0.00130861 -4.00744 -3.71945e-07 
-0.000466186 33.6227 0.0623545 -0.00135294 -4.03089 -5.19963e-07 
-0.000473416 33.7881 0.0618664 -0.00139625 -4.05376 -6.5571e-07 
-0.000480771 33.9495 0.0613662 -0.00143858 -4.07608 -7.80994e-07 
-0.000488244 34.1069 0.0608557 -0.00147995 -4.09785 -8.9738e-07 
-0.000495827 34.2605 0.0603363 -0.00152038 -4.11908 -1.00622e-06 
-0.000503512 34.4104 0.0598095 -0.00155988 -4.13978 -1.10867e-06 
-0.000511291 34.5565 0.0592769 -0.00159848 -4.15996 -1.20572e-06 
-0.000519155 34.6989 0.0587394 -0.00163618 -4.17963 -1.29823e-06 
-0.000527096 34.8377 0.0581985 -0.00167299 -4.19879 -1.38692e-06 
-0.000535105 34.9729 0.0576549 -0.00170892 -4.21746 -1.4724e-06 
-0.000543173 35.1047 0.0571099 -0.00174398 -4.23563 -1.5552e-06 
-0.000551291 35.233 0.0565642 -0.00177816 -4.25333 -1.63575e-06 
-0.000559451 35.3579 0.0560186 -0.00181147 -4.27055 -1.71444e-06 
-0.000567644 35.4795 0.055474 -0.00184392 -4.28731 -1.79156e-06 
-0.00057586 35.5979 0.0549309 -0.00187551 -4.3036 -1.8674e-06 
-0.000584091 35.7129 0.05439 -0.00190624 -4.31945 -1.94217e-06 
-0.000592327 35.8248 0.0538518 -0.0019361 -4.33485 -2.01605e-06 
-0.000600558 35.9336 0.0533169 -0.00196511 -4.34981 -2.0892e-06 
-0.000608776 36.0393 0.0527856 -0.00199325 -4.36434 -2.16175e-06 
-0.000616971 36.1419 0.0522585 -0.00202054 -4.37845 -2.23381e-06 
-0.000625133 36.2416 0.0517359 -0.00204697 -4.39214 -2.30546e-06 
-0.000633254 36.3383 0.0512181 -0.00207255 -4.40542 -2.37677e-06 
-0.000641322 36.4321 0.0507054 -0.00209726 -4.41829 -2.4478e-06 
-0.00064933 36.523 0.050198 -0.00212112 -4.43076 -2.5186e-06 
-0.000657267 36.6112 0.0496962 -0.00214412 -4.44284 -2.5892e-06 
-0.000665123 36.6965 0.0492003 -0.00216627 -4.45454 -2.65963e-06 
-0.000672888 36.7792 0.0487102 -0.00218756 -4.46585 -2.7299e-06 
-0.000680554 36.8591 0.0482263 -0.00220799 -4.47679 -2.80004e-06 
-0.00068811 36.9364 0.0477487 -0.00222757 -4.48735 -2.87005e-06 
-0.000695546 37.011 0.0472773 -0.0022463 -4.49755 -2.93993e-06 
-0.000702852 37.0831 0.0468124 -0.00226417 -4.50739 -3.00969e-06 
-0.000710019 37.1527 0.046354 -0.00228118 -4.51688 -3.07932e-06 
-0.000717037 37.2197 0.0459021 -0.00229734 -4.52602 -3.1488e-06 
-0.000723896 37.2843 0.0454568 -0.00231266 -4.53482 -3.21814e-06 
-0.000730585 37.3464 0.0450181 -0.00232712 -4.54327 -3.28732e-06 
-0.000737096 37.4062 0.044586 -0.00234073 -4.55139 -3.35632e-06 
-0.000743418 37.4636 0.0441605 -0.00235349 -4.55918 -3.42513e-06 
-0.000749541 37.5186 0.0437416 -0.00236541 -4.56665 -3.49373e-06 
-0.000755456 37.5713 0.0433293 -0.00237649 -4.5738 -3.5621e-06 
-0.000761153 37.6218 0.0429235 -0.00238672 -4.58063 -3.63022e-06 
-0.000766621 37.67 0.0425242 -0.00239611 -4.58715 -3.69807e-06 
-0.000771851 37.716 0.0421315 -0.00240467 -4.59336 -3.76562e-06 
-0.000776834 37.7599 0.0417451 -0.00241239 -4.59927 -3.83284e-06 
-0.000781559 37.8016 0.0413651 -0.00241928 -4.60489 -3.89973e-06 
-0.000786016 37.8411 0.0409913 -0.00242534 -4.6102 -3.96623e-06 
-0.000790197 37.8786 0.0406238 -0.00243057 -4.61523 -4.03234e-06 
-0.000794091 37.914 0.0402625 -0.00243498 -4.61997 -4.09802e-06 
-0.000797688 37.9474 0.0399072 -0.00243858 -4.62443 -4.16324e-06 
-0.00080098 37.9787 0.0395579 -0.00244136 -4.62861 -4.22797e-06 
-0.000803956 38.0081 0.0392146 -0.00244332 -4.63251 -4.29219e-06 
-0.000806607 38.0354 0.0388771 -0.00244448 -4.63615 -4.35586e-06 
-0.000808924 38.0609 0.0385454 -0.00244484 -4.63951 -4.41895e-06 
-0.000810896 38.0844 0.0382193 -0.0024444 -4.64262 -4.48144e-06 
-0.000812516 38.1061 0.0378988 -0.00244317 -4.64546 -4.54329e-06 
-0.000813773 38.1259 0.0375838 -0.00244115 -4.64804 -4.60446e-06 
-0.000814658 38.1438 0.0372742 -0.00243835 -4.65038 -4.66493e-06 
-0.000815162 38.1599 0.0369699 -0.00243477 -4.65246 -4.72467e-06 
-0.000815275 38.1742 0.0366708 -0.00243043 -4.65429 -4.78363e-06 
-0.00081499 38.1868 0.0363769 -0.00242531 -4.65588 -4.8418e-06 
-0.000814296 38.1976 0.036088 -0.00241944 -4.65723 -4.89913e-06 
-0.000813185 38.2066 0.035804 -0.00241282 -4.65835 -4.95559e-06 
-0.000811648 38.2139 0.0355249 -0.00240544 -4.65923 -5.01116e-06 
-0.000809676 38.2196 0.0352505 -0.00239734 -4.65987 -5.06579e-06 
-0.00080726 38.2235 0.0349808 -0.00238849 -4.66029 -5.11946e-06 
-0.000804391 38.2258 0.0347156 -0.00237893 -4.66049 -5.17213e-06 
-0.000801062 38.2265 0.034455 -0.00236864 -4.66046 -5.22377e-06 
-0.000797263 38.2255 0.0341987 -0.00235765 -4.66021 -5.27435e-06 
-0.000792987 38.223 0.0339468 -0.00234595 -4.65975 -5.32384e-06 
-0.000788223 38.2189 0.033699 -0.00233356 -4.65907 -5.37219e-06 
-0.000782966 38.2132 0.0334554 -0.00232049 -4.65818 -5.41939e-06 
-0.000777205 38.2059 0.0332158 -0.00230674 -4.65709 -5.46539e-06 
-0.000770933 38.1971 0.0329802 -0.00229232 -4.65579 -5.51018e-06 
-0.000764142 38.1869 0.0327484 -0.00227723 -4.65428 -5.55371e-06 
-0.000756823 38.1751 0.0325205 -0.0022615 -4.65257 -5.59596e-06 
-0.00074897 38.1618 0.0322962 -0.00224513 -4.65067 -5.63689e-06 
-0.000740573 38.1471 0.0320756 -0.00222812 -4.64857 -5.67648e-06 
-0.000731626 38.1309 0.0318585 -0.00221049 -4.64628 -5.71469e-06 
-0.00072212 38.1133 0.0316448 -0.00219224 -4.6438 -5.75151e-06 
-0.000712049 38.0943 0.0314346 -0.00217339 -4.64113 -5.78689e-06 
-0.000701403 38.0738 0.0312277 -0.00215395 -4.63827 -5.82081e-06 
-0.000690177 38.052 0.0310239 -0.00213393 -4.63524 -5.85325e-06 
-0.000678362 38.0288 0.0308234 -0.00211333 -4.63202 -5.88418e-06 
-0.000665951 38.0043 0.0306259 -0.00209216 -4.62862 -5.91356e-06 
-0.000652937 37.9784 0.0304315 -0.00207045 -4.62504 -5.94138e-06 
-0.000639313 37.9511 0.03024 -0.00204819 -4.6213 -5.96761e-06 
-0.000625071 37.9226 0.0300514 -0.0020254 -4.61738 -5.99223e-06 
-0.000610205 37.8927 0.0298655 -0.00200209 -4.61329 -6.0152e-06 
-0.000594708 37.8616 0.0296825 -0.00197826 -4.60903 -6.03651e-06 
-0.000578573 37.8291 0.0295021 -0.00195395 -4.60461 -6.05614e-06 
-0.000561792 37.7954 0.0293243 -0.00192914 -4.60002 -6.07406e-06 
-0.00054436 37.7605 0.029149 -0.00190386 -4.59528 -6.09025e-06 
-0.00052627 37.7243 0.0289762 -0.00187811 -4.59037 -6.1047e-06 
-0.000507514 37.6869 0.0288059 -0.00185191 -4.58531 -6.11738e-06 
-0.000488087 37.6482 0.0286379 -0.00182527 -4.58009 -6.12826e-06 
-0.000467982 37.6084 0.0284722 -0.0017982 -4.57472 -6.13735e-06 
-0.000447192 37.5673 0.0283088 -0.00177071 -4.5692 -6.14461e-06 
-0.000425712 37.5251 0.0281475 -0.00174282 -4.56353 -6.15003e-06 
-0.000403534 37.4817 0.0279884 -0.00171453 -4.55771 -6.15359e-06 
-0.000380653 37.4371 0.0278313 -0.00168586 -4.55175 -6.15529e-06 
-0.000357063 37.3914 0.0276763 -0.00165682 -4.54564 -6.1551e-06 
-0.000332757 37.3446 0.0275233 -0.00162742 -4.53939 -6.15301e-06 
-0.000307729 37.2966 0.0273721 -0.00159768 -4.533 -6.14901e-06 
-0.000281974 37.2475 0.0272229 -0.0015676 -4.52648 -6.14308e-06 
-0.000255485 37.1973 0.0270754 -0.00153721 -4.51981 -6.13522e-06 
-0.000228256 37.146 0.0269298 -0.0015065 -4.51302 -6.12542e-06 
-0.000200282 37.0936 0.0267858 -0.0014755 -4.50609 -6.11366e-06 
-0.000171556 37.0401 0.0266435 -0.00144421 -4.49903 -6.09993e-06 
-0.000142073 36.9856 0.0265029 -0.00141265 -4.49184 -6.08424e-06 
-0.000111827 36.93 0.0263639 -0.00138083 -4.48452 -6.06657e-06 
-8.08128e-05 36.8733 0.0262263 -0.00134876 -4.47707 -6.04691e-06 
-4.90241e-05 36.8156 0.0260903 -0.00131646 -4.46951 -6.02526e-06 
-1.64554e-05 36.7569 0.0259558 -0.00128394 -4.46182 -6.00162e-06 
1.68989e-05 36.6971 0.0258226 -0.00125121 -4.454 -5.97598e-06 
5.10444e-05 36.6364 0.0256908 -0.00121828 -4.44607 -5.94834e-06 
8.59866e-05 36.5746 0.0255604 -0.00118516 -4.43802 -5.91869e-06 
0.000121731 36.5118 0.0254313 -0.00115188 -4.42986 -5.88704e-06 
0.000158283 36.4481 0.0253034 -0.00111843 -4.42158 -5.85338e-06 
0.000195649 36.3833 0.0251767 -0.00108483 -4.41318 -5.81771e-06 
0.000233833 36.3176 0.0250512 -0.0010511 -4.40467 -5.78004e-06 
0.000272842 36.251 0.0249268 -0.00101724 -4.39606 -5.74036e-06 
0.00031268 36.1834 0.0248036 -0.000983277 -4.38733 -5.69869e-06 
0.000353354 36.1148 0.0246814 -0.000949211 -4.3785 -5.65501e-06 
0.000394868 36.0453 0.0245603 -0.000915058 -4.36956 -5.60934e-06 
0.000437228 35.9749 0.0244402 -0.000880829 -4.36051 -5.56168e-06 
0.000480439 35.9035 0.024321 -0.000846538 -4.35137 -5.51203e-06 
0.000524507 35.8313 0.0242028 -0.000812196 -4.34212 -5.46041e-06 
0.000569437 35.7581 0.0240855 -0.000777815 -4.33276 -5.40681e-06 
0.000615235 35.684 0.023969 -0.000743407 -4.32331 -5.35124e-06 
0.000661906 35.6091 0.0238534 -0.000708983 -4.31377 -5.29372e-06 
0.000709455 35.5332 0.0237387 -0.000674556 -4.30412 -5.23425e-06 
0.000757888 35.4565 0.0236247 -0.000640136 -4.29438 -5.17284e-06 
0.00080721 35.3789 0.0235114 -0.000605736 -4.28454 -5.10951e-06 
0.000857427 35.3005 0.0233989 -0.000571366 -4.27462 -5.04425e-06 
0.000908544 35.2211 0.0232871 -0.000537039 -4.26459 -4.97708e-06 
0.000960567 35.141 0.023176 -0.000502765 -4.25448 -4.90802e-06 
0.0010135 35.06 0.0230655 -0.000468556 -4.24428 -4.83707e-06 
0.00106735 34.9782 0.0229556 -0.000434422 -4.23399 -4.76425e-06 
0.00112212 34.8955 0.0228463 -0.000400376 -4.22362 -4.68958e-06 
0.00117783 34.812 0.0227376 -0.000366427 -4.21316 -4.61306e-06 
0.00123446 34.7278 0.0226295 -0.000332586 -4.20261 -4.53471e-06 
0.00129203 34.6427 0.0225218 -0.000298865 -4.19198 -4.45454e-06 
0.00135055 34.5568 0.0224147 -0.000265273 -4.18126 -4.37258e-06 
0.00141002 34.4701 0.022308 -0.000231822 -4.17047 -4.28883e-06 
0.00147044 34.3826 0.0222017 -0.000198521 -4.15959 -4.20331e-06 
0.00153183 34.2944 0.0220959 -0.000165381 -4.14864 -4.11605e-06 
0.00159418 34.2053 0.0219905 -0.000132412 -4.1376 -4.02705e-06 
0.00165751 34.1156 0.0218855 -9.96234e-05 -4.12649 -3.93633e-06 
0.00172181 34.025 0.0217808 -6.7026e-05 -4.11531 -3.84392e-06 
0.0017871 33.9337 0.0216765 -3.46293e-05 -4.10404 -3.74983e-06 
0.00185338 33.8416 0.0215724 -2.44282e-06 -4.0927 -3.65407e-06 
0.00192066 33.7489 0.0214687 2.95239e-05 -4.08129 -3.55668e-06 
0.00198894 33.6553 0.0213653 6.12614e-05 -4.06981 -3.45766e-06 
0.00205823 33.5611 0.0212621 9.27605e-05 -4.05825 -3.35704e-06 
0.00212854 33.4661 0.0211591 0.000124012 -4.04662 -3.25483e-06 
0.00219986 33.3704 0.0210564 0.000155007 -4.03493 -3.15107e-06 
0.00227222 33.274 0.0209538 0.000185737 -4.02316 -3.04576e-06 
0.00234561 33.1769 0.0208515 0.000216192 -4.01133 -2.93893e-06 
0.00242004 33.079 0.0207493 0.000246364 -3.99942 -2.8306e-06 
0.00249551 32.9805 0.0206472 0.000276246 -3.98746 -2.72079e-06 
0.00257204 32.8813 0.0205453 0.000305827 -3.97542 -2.60953e-06 
0.00264963 32.7815 0.0204435 0.000335101 -3.96332 -2.49683e-06 
0.00272828 32.6809 0.0203418 0.000364059 -3.95116 -2.38271e-06 
0.00280801 32.5797 0.0202401 0.000392694 -3.93893 -2.2672e-06 
0.00288881 32.4778 0.0201385 0.000420996 -3.92664 -2.15033e-06 
0.0029707 32.3753 0.020037 0.00044896 -3.91429 -2.0321e-06 
0.00305369 32.2721 0.0199355 0.000476577 -3.90188 -1.91255e-06 
0.00313777 32.1682 0.019834 0.00050384 -3.8894 -1.7917e-06 
0.00322297 32.0637 0.0197326 0.000530741 -3.87687 -1.66957e-06 
0.00330927 31.9586 0.0196311 0.000557274 -3.86428 -1.54618e-06 
0.0033967 31.8529 0.0195296 0.000583432 -3.85163 -1.42156e-06 
0.00348525 31.7465 0.019428 0.000609208 -3.83892 -1.29573e-06 
0.00357494 31.6395 0.0193264 0.000634595 -3.82616 -1.1687e-06 
0.00366577 31.5319 0.0192248 0.000659587 -3.81334 -1.04052e-06 
0.00375775 31.4237 0.019123 0.000684177 -3.80046 -9.11188e-07 
0.00385089 31.3149 0.0190212 0.000708359 -3.78753 -7.8074e-07 
0.00394519 31.2055 0.0189192 0.000732128 -3.77454 -6.49196e-07 
0.00404067 31.0955 0.0188172 0.000755476 -3.7615 -5.16579e-07 
0.00413732 30.9849 0.018715 0.000778398 -3.74841 -3.82912e-07 
0.00423517 30.8737 0.0186127 0.000800889 -3.73526 -2.48219e-07 
0.0043342 30.762 0.0185102 0.000822943 -3.72206 -1.12521e-07 
0.00443444 30.6497 0.0184076 0.000844555 -3.70881 2.41563e-08 
0.00453589 30.5368 0.0183047 0.000865719 -3.69551 1.61792e-07 
0.00463856 30.4234 0.0182018 0.00088643 -3.68216 3.00362e-07 
0.00474246 30.3094 0.0180986 0.000906684 -3.66876 4.39844e-07 
0.00484759 30.1949 0.0179952 0.000926475 -3.65531 5.80215e-07 
0.00495397 30.0799 0.0178916 0.000945798 -3.64181 7.21452e-07 
0.00506159 29.9643 0.0177878 0.000964649 -3.62826 8.63533e-07 
0.00517048 29.8482 0.0176838 0.000983024 -3.61467 1.00643e-06 
0.00528063 29.7315 0.0175795 0.00100092 -3.60102 1.15014e-06 
0.00539206 29.6143 0.017475 0.00101833 -3.58733 1.29461e-06 
0.00550478 29.4967 0.0173702 0.00103525 -3.5736 1.43984e-06 
0.00561879 29.3785 0.0172652 0.00105168 -3.55982 1.5858e-06 
0.0057341 29.2598 0.0171599 0.00106761 -3.54599 1.73247e-06 
0.00585072 29.1406 0.0170543 0.00108304 -3.53211 1.87983e-06 
0.00596866 29.021 0.0169485 0.00109796 -3.5182 2.02785e-06 
0.00608793 28.9008 0.0168423 0.00111238 -3.50423 2.17652e-06 
0.00620853 28.7802 0.0167359 0.00112629 -3.49023 2.32581e-06 
0.00633048 28.6591 0.0166291 0.00113968 -3.47618 2.4757e-06 
0.00645379 28.5375 0.0165221 0.00115256 -3.46209 2.62616e-06 
0.00657846 28.4154 0.0164147 0.00116492 -3.44795 2.77719e-06 
0.00670451 28.2929 0.016307 0.00117675 -3.43378 2.92874e-06 
0.00683193 28.17 0.016199 0.00118806 -3.41956 3.08082e-06 
0.00696075 28.0466 0.0160906 0.00119884 -3.4053 3.23339e-06 
0.00709097 27.9228 0.015982 0.00120909 -3.391 3.38643e-06 
0.0072226 27.7985 0.0158729 0.00121881 -3.37666 3.53992e-06 
0.00735565 27.6738 0.0157636 0.00122799 -3.36228 3.69384e-06 
0.00749012 27.5487 0.0156539 0.00123664 -3.34785 3.84817e-06 
0.00762604 27.4231 0.0155438 0.00124474 -3.33339 4.0029e-06 
0.0077634 27.2972 0.0154334 0.00125231 -3.31889 4.15799e-06 
0.00790222 27.1708 0.0153226 0.00125933 -3.30436 4.31343e-06 
0.00804251 27.0441 0.0152115 0.00126581 -3.28978 4.4692e-06 
0.00818427 26.9169 0.0151 0.00127174 -3.27516 4.62527e-06 
0.00832752 26.7894 0.0149881 0.00127712 -3.26051 4.78164e-06 
0.00847227 26.6614 0.0148759 0.00128195 -3.24582 4.93827e-06 
0.00861852 26.5331 0.0147633 0.00128624 -3.23109 5.09516e-06 
0.00876628 26.4045 0.0146503 0.00128997 -3.21633 5.25227e-06 
0.00891557 26.2754 0.014537 0.00129315 -3.20153 5.40959e-06 
0.0090664 26.146 0.0144233 0.00129577 -3.18669 5.56709e-06 
0.00921877 26.0162 0.0143092 0.00129784 -3.17182 5.72477e-06 
0.00937269 25.8861 0.0141947 0.00129935 -3.15691 5.88259e-06 
0.00952818 25.7557 0.0140799 0.00130031 -3.14197 6.04055e-06 
0.00968524 25.6249 0.0139646 0.00130071 -3.12699 6.19861e-06 
0.00984388 25.4938 0.013849 0.00130056 -3.11198 6.35676e-06 
0.0100041 25.3623 0.0137331 0.00129984 -3.09693 6.51499e-06 
0.010166 25.2306 0.0136167 0.00129857 -3.08185 6.67326e-06 
0.0103294 25.0985 0.0135 0.00129674 -3.06674 6.83156e-06 
0.0104945 24.9661 0.0133829 0.00129435 -3.05159 6.98987e-06 
0.0106612 24.8334 0.0132654 0.0012914 -3.03641 7.14817e-06 
0.0108295 24.7004 0.0131476 0.00128789 -3.0212 7.30645e-06 
0.0109995 24.5671 0.0130294 0.00128383 -3.00596 7.46467e-06 
0.0111712 24.4336 0.0129108 0.0012792 -2.99068 7.62282e-06 
0.0113445 24.2997 0.0127918 0.00127402 -2.97538 7.78088e-06 
0.0115195 24.1656 0.0126725 0.00126828 -2.96004 7.93883e-06 
0.0116962 24.0313 0.0125528 0.00126198 -2.94467 8.09665e-06 
0.0118746 23.8966 0.0124328 0.00125512 -2.92927 8.25432e-06 
0.0120547 23.7617 0.0123124 0.0012477 -2.91384 8.41181e-06 
0.0122365 23.6266 0.0121917 0.00123973 -2.89838 8.5691e-06 
0.0124201 23.4912 0.0120706 0.00123121 -2.88289 8.72619e-06 
0.0126053 23.3556 0.0119491 0.00122213 -2.86737 8.88303e-06 
0.0127924 23.2198 0.0118274 0.00121249 -2.85182 9.03961e-06 
0.0129811 23.0837 0.0117053 0.0012023 -2.83625 9.19592e-06 
0.0131717 22.9475 0.0115828 0.00119156 -2.82065 9.35192e-06 
0.013364 22.811 0.01146 0.00118027 -2.80501 9.50759e-06 
0.0135581 22.6743 0.0113369 0.00116843 -2.78936 9.66291e-06 
0.0137539 22.5374 0.0112135 0.00115603 -2.77367 9.81786e-06 
0.0139516 22.4003 0.0110898 0.00114309 -2.75796 9.97241e-06 
0.0141511 22.2631 0.0109657 0.00112961 -2.74222 1.01265e-05 
0.0143524 22.1256 0.0108414 0.00111557 -2.72645 1.02802e-05 
0.0145555 21.988 0.0107168 0.001101 -2.71066 1.04334e-05 
0.0147604 21.8502 0.0105918 0.00108588 -2.69485 1.05862e-05 
0.0149672 21.7123 0.0104666 0.00107022 -2.679 1.07384e-05 
0.0151758 21.5742 0.0103411 0.00105402 -2.66314 1.089e-05 
0.0153862 21.436 0.0102154 0.00103728 -2.64725 1.10411e-05 
0.0155985 21.2976 0.0100893 0.00102001 -2.63134 1.11915e-05 
0.0158127 21.1591 0.00996305 0.0010022 -2.6154 1.13414e-05 
0.0160287 21.0205 0.00983651 0.000983857 -2.59944 1.14906e-05 
0.0162466 20.8817 0.00970972 0.000964985 -2.58346 1.1639e-05 
0.0164664 20.7429 0.0095827 0.000945583 -2.56746 1.17868e-05 
0.0166881 20.6039 0.00945545 0.000925655 -2.55143 1.19338e-05 
0.0169117 20.4648 0.00932798 0.000905201 -2.53538 1.20801e-05 
0.0171371 20.3256 0.0092003 0.000884224 -2.51932 1.22255e-05 
0.0173645 20.1864 0.00907241 0.000862727 -2.50323 1.23701e-05 
0.0175938 20.0471 0.00894433 0.00084071 -2.48712 1.25138e-05 
0.0178249 19.9077 0.00881606 0.000818177 -2.47099 1.26565e-05 
0.018058 19.7682 0.0086876 0.00079513 -2.45485 1.27984e-05 
0.018293 19.6287 0.00855898 0.000771571 -2.43868 1.29392e-05 
0.0185299 19.4891 0.0084302 0.000747502 -2.4225 1.3079e-05 
0.0187688 19.3495 0.00830126 0.000722927 -2.4063 1.32178e-05 
0.0190095 19.2098 0.00817218 0.000697846 -2.39008 1.33554e-05 
0.0192522 19.0701 0.00804297 0.000672264 -2.37384 1.34919e-05 
0.0194968 18.9304 0.00791363 0.000646182 -2.35759 1.36272e-05 
0.0197434 18.7906 0.00778418 0.000619603 -2.34132 1.37613e-05 
0.0199918 18.6509 0.00765463 0.00059253 -2.32504 1.38941e-05 
0.0202422 18.5111 0.00752498 0.000564966 -2.30875 1.40256e-05 
0.0204945 18.3713 0.00739525 0.000536913 -2.29244 1.41558e-05 
0.0207488 18.2316 0.00726544 0.000508374 -2.27611 1.42845e-05 
0.0210049 18.0918 0.00713557 0.000479353 -2.25977 1.44118e-05 
0.021263 17.9521 0.00700565 0.000449851 -2.24342 1.45375e-05 
0.021523 17.8124 0.00687568 0.000419873 -2.22706 1.46617e-05 
0.0217849 17.6728 0.00674569 0.000389421 -2.21069 1.47843e-05 
0.0220487 17.5332 0.00661567 0.000358498 -2.1943 1.49052e-05 
0.0223144 17.3936 0.00648565 0.000327108 -2.17791 1.50243e-05 
0.022582 17.2541 0.00635562 0.000295254 -2.1615 1.51417e-05 
0.0228515 17.1147 0.00622562 0.000262938 -2.14509 1.52573e-05 
0.0231229 16.9753 0.00609563 0.000230166 -2.12866 1.53709e-05 
0.0233962 16.836 0.00596568 0.000196939 -2.11223 1.54825e-05 
0.0236713 16.6968 0.00583578 0.000163261 -2.09579 1.55922e-05 
0.0239483 16.5577 0.00570594 0.000129136 -2.07935 1.56997e-05 
0.0242271 16.4187 0.00557618 9.45677e-05 -2.0629 1.58051e-05 
0.0245078 16.2798 0.00544649 5.95594e-05 -2.04644 1.59082e-05 
0.0247902 16.141 0.0053169 2.4115e-05 -2.02998 1.6009e-05 
0.0250745 16.0023 0.00518742 -1.17618e-05 -2.01351 1.61074e-05 
0.0253606 15.8638 0.00505806 -4.80671e-05 -1.99704 1.62033e-05 
0.0256485 15.7253 0.00492884 -8.47971e-05 -1.98056 1.62967e-05 
0.0259381 15.5871 0.00479975 -0.000121948 -1.96409 1.63875e-05 
0.0262295 15.4489 0.00467083 -0.000159515 -1.94761 1.64756e-05 
0.0265226 15.311 0.00454207 -0.000197495 -1.93113 1.65609e-05 
0.0268174 15.1732 0.0044135 -0.000235883 -1.91465 1.66433e-05 
0.0271139 15.0355 0.00428512 -0.000274674 -1.89817 1.67227e-05 
0.027412 14.898 0.00415695 -0.000313866 -1.88169 1.67991e-05 
0.0277118 14.7608 0.004029 -0.000353453 -1.86521 1.68723e-05 
0.0280132 14.6237 0.00390134 -0.00039343 -1.84874 1.69422e-05 
0.0283162 14.4868 0.00377841 -0.000433793 -1.83226 1.70088e-05 
0.0286208 14.3501 0.00366617 -0.000474534 -1.81579 1.70719e-05 
0.0289269 14.2135 0.00356908 -0.000515646 -1.79931 1.71313e-05 
0.0292345 14.0772 0.00349033 -0.000557122 -1.78284 1.71869e-05 
0.0295436 13.9411 0.00343203 -0.000598957 -1.76636 1.72386e-05 
0.0298541 13.8051 0.00339548 -0.000641145 -1.74989 1.72864e-05 
0.030166 13.6694 0.00338121 -0.000683682 -1.73341 1.73301e-05 
0.0304793 13.5339 0.00338921 -0.000726565 -1.71694 1.73696e-05 
0.030794 13.3986 0.00341896 -0.00076979 -1.70048 1.74049e-05 
0.0311099 13.2636 0.00346957 -0.000813353 -1.68402 1.74358e-05 
0.0314271 13.1287 0.00353984 -0.000857251 -1.66757 1.74622e-05 
0.0317454 12.9942 0.00362833 -0.00090148 -1.65113 1.74841e-05 
0.032065 12.8599 0.00373342 -0.000946037 -1.6347 1.75012e-05 
0.0323856 12.7259 0.00385337 -0.000990917 -1.61828 1.75135e-05 
0.0327073 12.5921 0.00398636 -0.00103611 -1.60188 1.75208e-05 
0.0330301 12.4587 0.00413052 -0.00108163 -1.58548 1.7523e-05 
0.0333538 12.3255 0.00428397 -0.00112745 -1.56911 1.75198e-05 
0.0336783 12.1927 0.00444488 -0.00117357 -1.55275 1.75111e-05 
0.0340038 12.0602 0.00461142 -0.00121999 -1.5364 1.74968e-05 
0.03433 11.928 0.00478188 -0.00126669 -1.52008 1.74767e-05 
0.034657 11.7961 0.00495459 -0.00131369 -1.50378 1.74506e-05 
0.0349846 11.6646 0.00512801 -0.00136096 -1.48749 1.74183e-05 
0.0353128 11.5335 0.00530068 -0.00140849 -1.47123 1.73796e-05 
0.0356415 11.4027 0.00547129 -0.00145629 -1.45499 1.73344e-05 
0.0359707 11.2723 0.00563861 -0.00150435 -1.43878 1.72824e-05 
0.0363002 11.1423 0.00580158 -0.00155265 -1.42259 1.72234e-05 
0.0366301 11.0127 0.00595922 -0.00160119 -1.40643 1.71573e-05 
0.0369602 10.8834 0.00611069 -0.00164996 -1.3903 1.70838e-05 
0.0372904 10.7546 0.00625529 -0.00169894 -1.37419 1.70027e-05 
0.0376207 10.6262 0.0063924 -0.00174814 -1.35811 1.69139e-05 
0.037951 10.4982 0.00652153 -0.00179755 -1.34206 1.68171e-05 
0.0382811 10.3707 0.00664229 -0.00184714 -1.32604 1.67121e-05 
0.038611 10.2435 0.00675438 -0.00189692 -1.31005 1.65986e-05 
0.0389406 10.1168 0.0068576 -0.00194688 -1.2941 1.64765e-05 
0.0392698 9.99061 0.00695183 -0.001997 -1.27818 1.63456e-05 
0.0395985 9.86483 0.007037 -0.00204727 -1.26229 1.62055e-05 
0.0399266 9.7395 0.00711315 -0.00209769 -1.24643 1.60562e-05 
0.040254 9.61464 0.00718033 -0.00214824 -1.23061 1.58972e-05 
0.0405805 9.49026 0.00723868 -0.00219892 -1.21483 1.57285e-05 
0.040906 9.36635 0.00728836 -0.00224971 -1.19908 1.55497e-05 
0.0412305 9.24292 0.00732958 -0.0023006 -1.18337 1.53606e-05 
0.0415538 9.11998 0.00736256 -0.00235159 -1.1677 1.5161e-05 
0.0418758 8.99753 0.00738758 -0.00240266 -1.15207 1.49506e-05 
0.0421963 8.87558 0.0074049 -0.00245379 -1.13647 1.47291e-05 
0.0425152 8.75413 0.00741481 -0.00250498 -1.12092 1.44963e-05 
0.0428324 8.6332 0.00741762 -0.00255622 -1.10541 1.42519e-05 
0.0431477 8.51278 0.00741364 -0.0026075 -1.08994 1.39956e-05 
0.043461 8.39288 0.00740316 -0.0026588 -1.07452 1.37271e-05 
0.0437721 8.2735 0.00738649 -0.0027101 -1.05913 1.34462e-05 
0.0440809 8.15466 0.00736394 -0.00276141 -1.04379 1.31526e-05 
0.0443873 8.03635 0.00733581 -0.00281269 -1.0285 1.2846e-05 
0.044691 7.91858 0.00730237 -0.00286395 -1.01325 1.25261e-05 
0.0449918 7.80136 0.00726391 -0.00291517 -0.998053 1.21925e-05 
0.0452897 7.68469 0.0072207 -0.00296633 -0.9829 1.18451e-05 
0.0455845 7.56857 0.00717298 -0.00301742 -0.967796 1.14834e-05 
0.0458759 7.45302 0.00712102 -0.00306843 -0.95274 1.11072e-05 
0.0461638 7.33803 0.00706502 -0.00311934 -0.937735 1.07161e-05 
0.0464479 7.22362 0.00700523 -0.00317013 -0.92278 1.03098e-05 
0.0467282 7.10978 0.00694183 -0.0032208 -0.907878 9.88811e-06 
0.0470043 6.99652 0.00687503 -0.00327132 -0.893027 9.45054e-06 
0.0472762 6.88385 0.006805 -0.00332168 -0.87823 8.99683e-06 
0.0475435 6.77177 0.00673192 -0.00337186 -0.863487 8.52663e-06 
0.047806 6.66028 0.00665593 -0.00342185 -0.848799 8.03962e-06 
0.0480636 6.5494 0.00657719 -0.00347163 -0.834167 7.53546e-06 
0.0483161 6.43913 0.00649582 -0.00352118 -0.819592 7.01381e-06 
0.0485631 6.32946 0.00641196 -0.00357048 -0.805074 6.47433e-06 
0.0488045 6.22041 0.00632572 -0.00361952 -0.790614 5.91669e-06 
0.04904 6.11198 0.00623721 -0.00366828 -0.776213 5.34053e-06 
0.0492693 6.00418 0.00614652 -0.00371673 -0.761873 4.74553e-06 
0.0494923 5.897 0.00605374 -0.00376487 -0.747593 4.13133e-06 
0.0497087 5.79046 0.00595896 -0.00381266 -0.733374 3.4976e-06 
0.0499182 5.68456 0.00586226 -0.00386009 -0.719218 2.84399e-06 
0.0501205 5.5793 0.0057637 -0.00390714 -0.705125 2.17018e-06 
0.0503153 5.47469 0.00566335 -0.00395379 -0.691096 1.47582e-06 
0.0505025 5.37074 0.00556127 -0.00400001 -0.677132 7.6057e-07 
0.0506817 5.26744 0.00545752 -0.00404579 -0.663234 2.41088e-08 
0.0508526 5.1648 0.00535215 -0.00409109 -0.649402 -7.33895e-07 
0.0510149 5.06282 0.00524521 -0.0041359 -0.635637 -1.51377e-06 
0.0511684 4.96152 0.00513675 -0.0041802 -0.621941 -2.31582e-06 
0.0513128 4.86089 0.00502679 -0.00422395 -0.608313 -3.14038e-06 
0.0514476 4.76094 0.0049154 -0.00426715 -0.594755 -3.98774e-06 
0.0515727 4.66167 0.00480259 -0.00430975 -0.581267 -4.85822e-06 
0.0516877 4.56308 0.00468842 -0.00435174 -0.56785 -5.75209e-06 
0.0517922 4.46519 0.00457291 -0.00439309 -0.554505 -6.66966e-06 
0.0518861 4.36799 0.00445609 -0.00443377 -0.541233 -7.61119e-06 
0.0519688 4.27149 0.004338 -0.00447376 -0.528034 -8.57694e-06 
0.0520401 4.17569 0.00421867 -0.00451302 -0.51491 -9.56719e-06 
0.0520997 4.08059 0.00409812 -0.00455154 -0.50186 -1.05822e-05 
0.0521472 3.9862 0.00397639 -0.00458929 -0.488886 -1.16221e-05 
0.0521823 3.89252 0.0038535 -0.00462622 -0.475989 -1.26872e-05 
0.0522045 3.79956 0.00372948 -0.00466233 -0.463169 -1.37777e-05 
0.0522137 3.70732 0.00360436 -0.00469757 -0.450426 -1.48937e-05 
0.0522093 3.6158 0.00347816 -0.00473191 -0.437762 -1.60355e-05 
0.052191 3.52501 0.00335092 -0.00476533 -0.425177 -1.72031e-05 
0.0521585 3.43494 0.00322265 -0.0047978 -0.412672 -1.83968e-05 
0.0521114 3.34561 0.00309339 -0.00482928 -0.400248 -1.96166e-05 
0.0520493 3.25701 0.00296315 -0.00485974 -0.387905 -2.08626e-05 
0.0519718 3.16915 0.00283198 -0.00488915 -0.375645 -2.21349e-05 
0.0518786 3.08203 0.00269972 -0.00491747 -0.363466 -2.34335e-05 
0.0517693 2.99565 0.00256502 -0.00494468 -0.351372 -2.47584e-05 
0.0516435 2.91002 0.00242666 -0.00497073 -0.339363 -2.61096e-05 
0.0515009 2.82515 0.00228379 -0.00499561 -0.32744 -2.74871e-05 
0.0513409 2.74104 0.00213589 -0.00501926 -0.315603 -2.88908e-05 
0.0511634 2.65769 0.00198265 -0.00504167 -0.303853 -3.03205e-05 
0.0509678 2.5751 0.00182399 -0.00506278 -0.29219 -3.17762e-05 
0.0507538 2.49327 0.00165995 -0.00508258 -0.280615 -3.32577e-05 
0.050521 2.41221 0.00149072 -0.00510101 -0.269129 -3.47647e-05 
0.050269 2.33192 0.00131655 -0.00511805 -0.257732 -3.62971e-05 
0.0499974 2.2524 0.00113775 -0.00513365 -0.246424 -3.78545e-05 
0.049706 2.17366 0.000954694 -0.00514779 -0.235206 -3.94366e-05 
0.0493942 2.09568 0.000767755 -0.00516041 -0.224078 -4.1043e-05 
0.0490617 2.01848 0.000577336 -0.0051715 -0.213041 -4.26733e-05 
0.0487082 1.94206 0.000383839 -0.00518101 -0.202095 -4.4327e-05 
0.0483332 1.86641 0.000187663 -0.0051889 -0.19124 -4.60037e-05 
0.0479365 1.79155 -1.08007e-05 -0.00519513 -0.180478 -4.77027e-05 
0.0475176 1.71746 -0.000211176 -0.00519967 -0.169808 -4.94234e-05 
0.0470762 1.64415 -0.000413099 -0.00520249 -0.159231 -5.11652e-05 
0.046612 1.57162 -0.000616224 -0.00520354 -0.148746 -5.29273e-05 
0.0461246 1.49987 -0.00082022 -0.00520278 -0.138356 -5.47089e-05 
0.0456137 1.42891 -0.00102478 -0.00520019 -0.12806 -5.65092e-05 
0.045079 1.35872 -0.0012296 -0.00519572 -0.117858 -5.83272e-05 
0.0445202 1.28933 -0.0014344 -0.00518934 -0.107751 -6.01621e-05 
0.0439369 1.22072 -0.00163893 -0.00518101 -0.0977393 -6.20126e-05 
0.0433289 1.15289 -0.00184293 -0.0051707 -0.0878233 -6.38778e-05 
0.0426959 1.08585 -0.00204617 -0.00515836 -0.0780033 -6.57565e-05 
0.0420377 1.0196 -0.00224842 -0.00514398 -0.0682797 -6.76474e-05 
0.0413539 0.954129 -0.00244948 -0.00512751 -0.0586528 -6.95492e-05 
0.0406444 0.88945 -0.00264913 -0.00510891 -0.0491231 -7.14606e-05 
0.0399089 0.82556 -0.00284719 -0.00508816 -0.0396908 -7.338e-05 
0.0391472 0.762457 -0.00304347 -0.00506522 -0.0303562 -7.53059e-05 
0.0383591 0.700143 -0.00323779 -0.00504007 -0.0211198 -7.72368e-05 
0.0375445 0.638618 -0.00342999 -0.00501266 -0.0119818 -7.91709e-05 
0.0367032 0.577882 -0.00361991 -0.00498298 -0.00294241 -8.11064e-05 
0.035835 0.517935 -0.00380737 -0.00495098 0.00599796 -8.30416e-05 
0.03494 0.458777 -0.00399223 -0.00491665 0.0148391 -8.49744e-05 
0.0340179 0.400408 -0.00417435 -0.00487996 0.0235806 -8.69029e-05 
0.0330687 0.342827 -0.00435357 -0.00484088 0.0322224 -8.8825e-05 
0.0320923 0.286035 -0.00452975 -0.00479939 0.0407642 -9.07385e-05 
0.0310888 0.230031 -0.00470276 -0.00475546 0.0492057 -9.26412e-05 
0.0300581 0.174814 -0.00487247 -0.00470907 0.0575467 -9.45307e-05 
0.0290003 0.120385 -0.00503874 -0.00466022 0.0657871 -9.64046e-05 
0.0279155 0.0667431 -0.00520144 -0.00460886 0.0739265 -9.82605e-05 
0.0268037 0.0138872 -0.00536046 -0.004555 0.0819649 -0.000100096 
0.025665 -0.0381832 -0.00551566 -0.00449861 0.089902 -0.000101908 
0.0244997 -0.0894688 -0.00566694 -0.00443969 0.0977377 -0.000103693 
0.0233078 -0.13997 -0.00581417 -0.00437822 0.105472 -0.00010545 
0.0220896 -0.189689 -0.00595725 -0.0043142 0.113104 -0.000107176 
0.0208454 -0.238625 -0.00609607 -0.00424762 0.120635 -0.000108866 
0.0195754 -0.28678 -0.00623052 -0.00417848 0.128064 -0.000110519 
0.0182799 -0.334155 -0.00636049 -0.00410677 0.13539 -0.000112131 
0.0169593 -0.380752 -0.0064859 -0.00403249 0.142615 -0.0001137 
0.015614 -0.42657 -0.00660664 -0.00395566 0.149737 -0.000115221 
0.0142444 -0.471613 -0.00672262 -0.00387628 0.156757 -0.000116691 
0.012851 -0.51588 -0.00683376 -0.00379436 0.163675 -0.000118108 
0.0114342 -0.559375 -0.00693997 -0.00370991 0.17049 -0.000119468 
0.00999463 -0.602097 -0.00704118 -0.00362294 0.177203 -0.000120768 
0.00853287 -0.644049 -0.0071373 -0.00353349 0.183813 -0.000122004 
0.00704951 -0.685233 -0.00722827 -0.00344156 0.190321 -0.000123172 
0.00554522 -0.725649 -0.00731401 -0.00334718 0.196726 -0.000124269 
0.0040207 -0.765301 -0.00739447 -0.00325038 0.203029 -0.000125292 
0.0024767 -0.804189 -0.00746959 -0.0031512 0.20923 -0.000126237 
0.00091398 -0.842317 -0.00753931 -0.00304967 0.215328 -0.000127101 
-0.000666618 -0.879685 -0.00760358 -0.00294583 0.221324 -0.00012788 
-0.00226424 -0.916296 -0.00766237 -0.00283972 0.227218 -0.00012857 
-0.00387797 -0.952152 -0.00771563 -0.00273138 0.233009 -0.000129168 
-0.00550687 -0.987256 -0.00776332 -0.00262088 0.238699 -0.000129671 
-0.00714996 -1.02161 -0.00780542 -0.00250826 0.244286 -0.000130075 
-0.0088062 -1.05521 -0.00784191 -0.00239358 0.249772 -0.000130377 
-0.0104745 -1.08807 -0.00787275 -0.0022769 0.255155 -0.000130573 
-0.0121539 -1.12019 -0.00789795 -0.00215828 0.260437 -0.000130661 
-0.013843 -1.15157 -0.00791748 -0.00203781 0.265618 -0.000130636 
-0.0155409 -1.18221 -0.00793135 -0.00191554 0.270697 -0.000130497 
-0.0172462 -1.21211 -0.00793955 -0.00179156 0.275675 -0.000130239 
-0.0189577 -1.24128 -0.00794208 -0.00166594 0.280552 -0.00012986 
-0.0206741 -1.26972 -0.00793897 -0.00153878 0.285328 -0.000129357 
-0.0223942 -1.29743 -0.00793022 -0.00141016 0.290004 -0.000128728 
-0.0241165 -1.32442 -0.00791584 -0.00128017 0.294579 -0.00012797 
-0.0258396 -1.35069 -0.00789588 -0.0011489 0.299054 -0.000127081 
-0.0275623 -1.37625 -0.00787034 -0.00101647 0.303429 -0.000126058 
-0.029283 -1.40108 -0.00783927 -0.000882966 0.307704 -0.0001249 
-0.0310003 -1.42521 -0.0078027 -0.000748499 0.31188 -0.000123605 
-0.0327127 -1.44863 -0.00776067 -0.000613179 0.315957 -0.000122171 
-0.0344188 -1.47134 -0.00771323 -0.000477119 0.319935 -0.000120596 
-0.036117 -1.49335 -0.00766042 -0.000340435 0.323814 -0.00011888 
-0.0378057 -1.51466 -0.0076023 -0.000203245 0.327595 -0.000117022 
-0.0394836 -1.53528 -0.00753892 -6.56726e-05 0.331278 -0.00011502 
-0.0411489 -1.55521 -0.00747035 7.21589e-05 0.334863 -0.000112875 
-0.0428001 -1.57445 -0.00739663 0.000210122 0.338351 -0.000110586 
-0.0444358 -1.59301 -0.00731785 0.000348088 0.341742 -0.000108154 
-0.0460543 -1.61088 -0.00723406 0.000485924 0.345036 -0.000105578 
-0.047654 -1.62808 -0.00714534 0.000623499 0.348234 -0.00010286 
-0.0492335 -1.64461 -0.00705175 0.000760676 0.351336 -9.99996e-05 
-0.0507911 -1.66047 -0.00695338 0.00089732 0.354343 -9.69989e-05 
-0.0523254 -1.67566 -0.0068503 0.00103329 0.357255 -9.38594e-05 
-0.0538347 -1.69019 -0.00674259 0.00116846 0.360072 -9.05828e-05 
-0.0553177 -1.70406 -0.00663034 0.00130267 0.362794 -8.71714e-05 
-0.0567728 -1.71729 -0.00651361 0.0014358 0.365423 -8.36276e-05 
-0.0581986 -1.72986 -0.0063925 0.00156769 0.367958 -7.99543e-05 
-0.0595936 -1.74179 -0.00626709 0.00169823 0.3704 -7.61547e-05 
-0.0609564 -1.75308 -0.00613747 0.00182725 0.37275 -7.22321e-05 
-0.0622857 -1.76373 -0.00600372 0.00195463 0.375008 -6.81905e-05 
-0.0635802 -1.77375 -0.00586592 0.00208023 0.377174 -6.40339e-05 
-0.0648385 -1.78314 -0.00572418 0.00220391 0.379249 -5.97668e-05 
-0.0660594 -1.79191 -0.00557856 0.00232553 0.381233 -5.5394e-05 
-0.0672417 -1.80006 -0.00542916 0.00244497 0.383128 -5.09205e-05 
-0.0683843 -1.80759 -0.00527607 0.0025621 0.384932 -4.63516e-05 
-0.0694861 -1.81452 -0.00511937 0.00267679 0.386648 -4.1693e-05 
-0.070546 -1.82084 -0.00495915 0.0027889 0.388275 -3.69507e-05 
-0.071563 -1.82656 -0.00479549 0.00289833 0.389814 -3.21309e-05 
-0.0725363 -1.83168 -0.00462848 0.00300496 0.391265 -2.724e-05 
-0.0734649 -1.83621 -0.00445821 0.00310866 0.39263 -2.22848e-05 
-0.0743482 -1.84015 -0.00428475 0.00320934 0.393908 -1.72721e-05 
-0.0751852 -1.84351 -0.00410819 0.00330687 0.3951 -1.22093e-05 
-0.0759755 -1.84629 -0.00392862 0.00340118 0.396207 -7.10366e-06 
-0.0767183 -1.8485 -0.0037461 0.00349215 0.397229 -1.96272e-06 
-0.0774133 -1.85015 -0.00356072 0.0035797 0.398167 3.20578e-06 
-0.07806 -1.85122 -0.00337256 0.00366374 0.399022 8.39398e-06 
-0.0786579 -1.85174 -0.0031817 0.00374419 0.399794 1.35939e-05 
-0.0792068 -1.85171 -0.0029882 0.00382098 0.400483 1.87974e-05 
-0.0797066 -1.85112 -0.00279214 0.00389404 0.401091 2.39963e-05 
-0.080157 -1.85 -0.00259359 0.00396331 0.401617 2.91823e-05 
-0.0805581 -1.84833 -0.00239263 0.00402874 0.402063 3.43473e-05 
-0.0809098 -1.84613 -0.00218932 0.00409027 0.40243 3.9483e-05 
-0.0812123 -1.8434 -0.00198372 0.00414786 0.402717 4.45809e-05 
-0.0814656 -1.84015 -0.00177591 0.00420149 0.402925 4.96329e-05 
-0.0816702 -1.83637 -0.00156595 0.00425111 0.403056 5.46309e-05 
-0.0818263 -1.83208 -0.0013539 0.00429672 0.403109 5.95667e-05 
-0.0819343 -1.82729 -0.00113982 0.00433829 0.403086 6.44323e-05 
-0.0819947 -1.82199 -0.000923764 0.00437582 0.402986 6.92199e-05 
-0.0820081 -1.81619 -0.000705801 0.0044093 0.402812 7.39218e-05 
-0.081975 -1.8099 -0.000485983 0.00443876 0.402562 7.85305e-05 
-0.0818962 -1.80311 -0.000264364 0.00446419 0.402239 8.30386e-05 
-0.0817724 -1.79585 -4.0998e-05 0.00448562 0.401842 8.7439e-05 
-0.0816044 -1.78811 0.000184062 0.00450308 0.401373 9.1725e-05 
-0.0813932 -1.77989 0.000410765 0.0045166 0.400832 9.58899e-05 
-0.0811396 -1.77121 0.00063906 0.00452622 0.40022 9.99275e-05 
-0.0808447 -1.76206 0.0008689 0.004532 0.399537 0.000103832 
-0.0805095 -1.75245 0.00110024 0.00453397 0.398785 0.000107597 
-0.0801351 -1.7424 0.00133302 0.00453221 0.397963 0.000111218 
-0.0797226 -1.7319 0.00156721 0.00452678 0.397073 0.00011469 
-0.0792732 -1.72095 0.00180276 0.00451775 0.396115 0.000118008 
-0.0787882 -1.70957 0.00203962 0.00450519 0.39509 0.000121168 
-0.0782687 -1.69776 0.00227775 0.0044892 0.393999 0.000124166 
-0.0777162 -1.68552 0.00251711 0.00446985 0.392843 0.000126998 
-0.0771319 -1.67286 0.00275766 0.00444723 0.391621 0.000129663 
-0.0765172 -1.65979 0.00299935 0.00442145 0.390336 0.000132156 
-0.0758734 -1.64631 0.00324214 0.0043926 0.388987 0.000134477 
-0.0752019 -1.63242 0.00348599 0.00436078 0.387576 0.000136622 
-0.0745041 -1.61814 0.00373086 0.00432611 0.386102 0.000138592 
-0.0737815 -1.60346 0.00397671 0.00428869 0.384568 0.000140384 
-0.0730354 -1.5884 0.0042235 0.00424863 0.382973 0.000141999 
-0.0722673 -1.57295 0.00447118 0.00420605 0.381319 0.000143436 
-0.0714785 -1.55712 0.00471972 0.00416107 0.379605 0.000144696 
-0.0706706 -1.54093 0.00496908 0.00411381 0.377834 0.000145779 
-0.0698449 -1.52436 0.00521921 0.00406438 0.376005 0.000146686 
-0.0690028 -1.50744 0.00547007 0.00401292 0.37412 0.00014742 
-0.0681457 -1.49016 0.00572163 0.00395953 0.372179 0.000147982 
-0.067275 -1.47253 0.00597383 0.00390434 0.370182 0.000148374 
-0.066392 -1.45456 0.00622665 0.00384748 0.368132 0.000148598 
-0.065498 -1.43625 0.00648003 0.00378907 0.366028 0.000148659 
-0.0645944 -1.41761 0.00673393 0.00372923 0.363871 0.000148558 
-0.0636824 -1.39864 0.00698831 0.00366808 0.361662 0.0001483 
-0.0627634 -1.37935 0.00724312 0.00360575 0.359402 0.000147888 
-0.0618384 -1.35974 0.00749832 0.00354234 0.357091 0.000147326 
-0.0609088 -1.33982 0.00775387 0.00347799 0.354731 0.000146619 
-0.0599755 -1.31959 0.00800971 0.00341279 0.352322 0.000145772 
-0.0590399 -1.29907 0.0082658 0.00334688 0.349865 0.000144789 
-0.0581029 -1.27825 0.0085221 0.00328035 0.347361 0.000143674 
-0.0571656 -1.25714 0.00877855 0.00321332 0.34481 0.000142435 
-0.0562289 -1.23575 0.00903511 0.00314589 0.342214 0.000141074 
-0.055294 -1.21409 0.00929172 0.00307816 0.339572 0.000139599 
-0.0543615 -1.19215 0.00954833 0.00301024 0.336887 0.000138014 
-0.0534326 -1.16994 0.0098049 0.00294223 0.334158 0.000136325 
-0.0525079 -1.14748 0.0100614 0.0028742 0.331386 0.000134537 
-0.0515882 -1.12475 0.0103177 0.00280627 0.328573 0.000132658 
-0.0506744 -1.10178 0.0105738 0.0027385 0.325719 0.000130691 
-0.0497671 -1.07857 0.0108296 0.00267099 0.322825 0.000128644 
-0.048867 -1.05512 0.0110852 0.00260381 0.319891 0.000126521 
-0.0479747 -1.03143 0.0113403 0.00253704 0.316919 0.000124329 
-0.0470908 -1.00752 0.0115951 0.00247076 0.313909 0.000122074 
-0.0462158 -0.98338 0.0118493 0.00240502 0.310862 0.00011976 
-0.0453503 -0.959028 0.012103 0.00233989 0.307779 0.000117393 
-0.0444946 -0.934465 0.0123562 0.00227543 0.304661 0.00011498 
-0.0436492 -0.909698 0.0126086 0.0022117 0.301508 0.000112525 
-0.0428145 -0.88473 0.0128603 0.00214875 0.298321 0.000110034 
-0.0419908 -0.859568 0.0131113 0.00208663 0.295102 0.000107512 
-0.0411784 -0.834217 0.0133614 0.00202539 0.29185 0.000104964 
-0.0403775 -0.808683 0.0136106 0.00196506 0.288567 0.000102394 
-0.0395886 -0.782971 0.0138589 0.00190568 0.285253 9.98086e-05 
-0.0388116 -0.757086 0.0141061 0.00184729 0.281909 9.72111e-05 
-0.0380468 -0.731035 0.0143523 0.00178992 0.278536 9.46064e-05 
-0.0372944 -0.704821 0.0145973 0.0017336 0.275135 9.19986e-05 
-0.0365544 -0.678451 0.0148411 0.00167834 0.271707 8.9392e-05 
-0.0358269 -0.651931 0.0150837 0.00162418 0.268252 8.67903e-05 
-0.035112 -0.625264 0.0153249 0.00157112 0.264771 8.41974e-05 
-0.0344097 -0.598458 0.0155648 0.00151919 0.261265 8.16168e-05 
-0.0337201 -0.571516 0.0158032 0.00146839 0.257735 7.90519e-05 
-0.033043 -0.544444 0.0160401 0.00141874 0.254181 7.65059e-05 
-0.0323785 -0.517248 0.0162754 0.00137024 0.250605 7.39818e-05 
-0.0317265 -0.489933 0.0165091 0.00132289 0.247006 7.14824e-05 
-0.0310869 -0.462504 0.0167412 0.0012767 0.243386 6.90103e-05 
-0.0304597 -0.434966 0.0169715 0.00123167 0.239746 6.6568e-05 
-0.0298447 -0.407323 0.0172 0.00118779 0.236086 6.41578e-05 
-0.0292418 -0.379583 0.0174267 0.00114507 0.232407 6.17817e-05 
-0.0286509 -0.351749 0.0176514 0.00110349 0.22871 5.94417e-05 
-0.0280718 -0.323826 0.0178743 0.00106304 0.224995 5.71395e-05 
-0.0275043 -0.29582 0.0180951 0.00102372 0.221264 5.48767e-05 
-0.0269484 -0.267735 0.0183138 0.00098551 0.217517 5.26547e-05 
-0.0264037 -0.239577 0.0185305 0.000948406 0.213755 5.04748e-05 
-0.0258702 -0.211351 0.0187449 0.000912388 0.209978 4.8338e-05 
-0.0253475 -0.183061 0.0189572 0.000877444 0.206187 4.62454e-05 
-0.0248356 -0.154712 0.0191673 0.000843555 0.202384 4.41977e-05 
-0.0243342 -0.12631 0.019375 0.000810705 0.198568 4.21957e-05 
-0.0238431 -0.0978583 0.0195804 0.000778876 0.19474 4.02398e-05 
-0.0233621 -0.0693625 0.0197835 0.000748048 0.190902 3.83306e-05 
-0.022891 -0.0408273 0.0199841 0.000718202 0.187054 3.64683e-05 
-0.0224295 -0.0122574 0.0201823 0.000689318 0.183196 3.46531e-05 
-0.0219775 0.0163426 0.020378 0.000661374 0.179329 3.28851e-05 
-0.0215346 0.044968 0.0205712 0.00063435 0.175455 3.11643e-05 
-0.0211007 0.0736142 0.0207619 0.000608223 0.171573 2.94906e-05 
-0.0206756 0.102277 0.0209499 0.000582973 0.167685 2.78638e-05 
-0.020259 0.130951 0.0211354 0.000558576 0.16379 2.62837e-05 
-0.0198507 0.159632 0.0213183 0.00053501 0.15989 2.47498e-05 
-0.0194506 0.188316 0.0214985 0.000512253 0.155986 2.32618e-05 
-0.0190583 0.216998 0.021676 0.000490283 0.152078 2.18192e-05 
-0.0186737 0.245674 0.0218509 0.000469076 0.148167 2.04213e-05 
-0.0182965 0.27434 0.022023 0.000448612 0.144252 1.90677e-05 
-0.0179266 0.302991 0.0221925 0.000428866 0.140336 1.77577e-05 
-0.0175637 0.331623 0.0223592 0.000409818 0.136419 1.64905e-05 
-0.0172077 0.360231 0.0225233 0.000391445 0.132501 1.52655e-05 
-0.0168584 0.388812 0.0226845 0.000373726 0.128583 1.40818e-05 
-0.0165154 0.417362 0.0228431 0.000356639 0.124666 1.29387e-05 
-0.0161788 0.445876 0.0229989 0.000340163 0.12075 1.18352e-05 
-0.0158482 0.47435 0.023152 0.000324277 0.116835 1.07707e-05 
-0.0155236 0.50278 0.0233023 0.000308961 0.112923 9.74406e-06 
-0.0152047 0.531163 0.02345 0.000294195 0.109015 8.75454e-06 
-0.0148913 0.559494 0.0235949 0.000279959 0.105109 7.80119e-06 
-0.0145834 0.587769 0.0237371 0.000266234 0.101209 6.88309e-06 
-0.0142806 0.615985 0.0238766 0.000253 0.0973125 5.99933e-06 
-0.013983 0.644137 0.0240134 0.000240241 0.0934219 5.14896e-06 
-0.0136903 0.672223 0.0241476 0.000227936 0.0895373 4.33106e-06 
-0.0134023 0.700238 0.0242791 0.00021607 0.0856593 3.5447e-06 
-0.013119 0.728178 0.024408 0.000204625 0.0817884 2.78895e-06 
-0.0128403 0.756041 0.0245343 0.000193584 0.0779253 2.06289e-06 
-0.0125659 0.783822 0.024658 0.000182932 0.0740703 1.3656e-06 
-0.0122957 0.811518 0.0247792 0.000172652 0.0702241 6.96181e-07 
-0.0120297 0.839125 0.0248978 0.000162729 0.0663873 5.37279e-08 
-0.0117676 0.86664 0.025014 0.000153149 0.0625603 -5.62641e-07 
-0.0115095 0.89406 0.0251277 0.000143897 0.0587437 -1.1538e-06 
-0.0112552 0.921382 0.0252389 0.000134961 0.054938 -1.72061e-06 
-0.0110045 0.948601 0.0253478 0.000126325 0.0511436 -2.2639e-06 
-0.0107574 0.975715 0.0254543 0.000117978 0.0473612 -2.78452e-06 
-0.0105138 1.00272 0.0255585 0.000109907 0.0435911 -3.28326e-06 
-0.0102736 1.02961 0.0256604 0.0001021 0.039834 -3.76093e-06 
-0.0100367 1.05639 0.0257601 9.45459e-05 0.0360902 -4.2183e-06 
-0.00980304 1.08305 0.0258575 8.72331e-05 0.0323602 -4.65612e-06 
-0.00957249 1.10959 0.0259528 8.01512e-05 0.0286445 -5.07513e-06 
-0.009345 1.13601 0.0260459 7.32899e-05 0.0249436 -5.47605e-06 
-0.00912051 1.1623 0.026137 6.66393e-05 0.0212579 -5.85958e-06 
-0.00889892 1.18846 0.026226 6.019e-05 0.0175879 -6.22641e-06 
-0.00868019 1.21449 0.026313 5.39329e-05 0.013934 -6.57718e-06 
-0.00846424 1.24038 0.026398 4.78593e-05 0.0102965 -6.91254e-06 
-0.00825102 1.26614 0.0264812 4.1961e-05 0.00667605 -7.23311e-06 
-0.00804046 1.29176 0.0265624 3.62299e-05 0.00307294 -7.53948e-06 
-0.00783251 1.31723 0.0266419 3.06585e-05 -0.000512402 -7.83225e-06 
-0.00762712 1.34256 0.0267195 2.52395e-05 -0.00407957 -8.11197e-06 
-0.00742424 1.36773 0.0267954 1.9966e-05 -0.00762818 -8.37919e-06 
-0.00722381 1.39276 0.0268696 1.48312e-05 -0.0111578 -8.63442e-06 
-0.00702581 1.41764 0.0269422 9.82896e-06 -0.0146682 -8.87818e-06 
-0.00683018 1.44236 0.0270131 4.9532e-06 -0.0181588 -9.11094e-06 
-0.00663688 1.46692 0.0270825 1.98186e-07 -0.0216294 -9.33318e-06 
-0.00644587 1.49133 0.0271504 -4.44152e-06 -0.0250795 -9.54534e-06 
-0.00625713 1.51557 0.0272167 -8.97112e-06 -0.0285089 -9.74787e-06 
-0.00607061 1.53965 0.0272817 -1.33955e-05 -0.0319172 -9.94117e-06 
-0.00588628 1.56356 0.0273452 -1.77194e-05 -0.035304 -1.01257e-05 
-0.00570411 1.5873 0.0274074 -2.19472e-05 -0.0386691 -1.03017e-05 
-0.00552407 1.61087 0.0274683 -2.60831e-05 -0.0420121 -1.04697e-05 
-0.00534614 1.63427 0.0275278 -3.01311e-05 -0.0453327 -1.06299e-05 
-0.00517028 1.6575 0.0275862 -3.4095e-05 -0.0486306 -1.07828e-05 
-0.00499649 1.68055 0.0276433 -3.79784e-05 -0.0519054 -1.09286e-05 
-0.00482472 1.70343 0.0276993 -4.17845e-05 -0.0551571 -1.10676e-05 
-0.00465496 1.72612 0.0277542 -4.55166e-05 -0.0583851 -1.12002e-05 
-0.0044872 1.74863 0.0278079 -4.91776e-05 -0.0615893 -1.13266e-05 
-0.0043214 1.77097 0.0278607 -5.27704e-05 -0.0647694 -1.14472e-05 
-0.00415756 1.79311 0.0279123 -5.62977e-05 -0.0679251 -1.1562e-05 
-0.00399565 1.81507 0.027963 -5.97619e-05 -0.0710562 -1.16715e-05 
-0.00383566 1.83685 0.0280128 -6.31654e-05 -0.0741624 -1.17758e-05 
-0.00367757 1.85843 0.0280616 -6.65103e-05 -0.0772435 -1.18752e-05 
-0.00352138 1.87983 0.0281095 -6.97988e-05 -0.0802993 -1.19698e-05 
-0.00336706 1.90103 0.0281566 -7.30328e-05 -0.0833296 -1.20599e-05 
-0.0032146 1.92204 0.0282028 -7.6214e-05 -0.086334 -1.21457e-05 
-0.003064 1.94286 0.0282483 -7.93441e-05 -0.0893125 -1.22273e-05 
-0.00291524 1.96348 0.0282929 -8.24248e-05 -0.0922648 -1.23049e-05 
-0.00276831 1.98391 0.0283368 -8.54574e-05 -0.0951908 -1.23788e-05 
-0.00262319 2.00413 0.0283799 -8.84433e-05 -0.0980901 -1.24489e-05 
-0.00247989 2.02416 0.0284224 -9.13838e-05 -0.100963 -1.25156e-05 
-0.00233839 2.04399 0.0284642 -9.428e-05 -0.103808 -1.25789e-05 
-0.00219869 2.06363 0.0285053 -9.71331e-05 -0.106627 -1.26389e-05 
-0.00206077 2.08305 0.0285457 -9.99439e-05 -0.109418 -1.26958e-05 
-0.00192462 2.10228 0.0285856 -0.000102713 -0.112182 -1.27498e-05 
-0.00179025 2.12131 0.0286248 -0.000105442 -0.114919 -1.28009e-05 
-0.00165764 2.14013 0.0286635 -0.000108132 -0.117628 -1.28492e-05 
-0.00152679 2.15874 0.0287016 -0.000110782 -0.120308 -1.28948e-05 
-0.00139769 2.17715 0.0287392 -0.000113394 -0.122961 -1.29379e-05 
-0.00127033 2.19536 0.0287762 -0.000115968 -0.125586 -1.29785e-05 
-0.00114472 2.21336 0.0288128 -0.000118505 -0.128183 -1.30167e-05 
-0.00102083 2.23115 0.0288488 -0.000121005 -0.130751 -1.30526e-05 
-0.000898678 2.24874 0.0288844 -0.000123468 -0.133292 -1.30863e-05 
-0.000778246 2.26612 0.0289195 -0.000125896 -0.135803 -1.31177e-05 
-0.000659532 2.28329 0.0289541 -0.000128287 -0.138286 -1.31471e-05 
-0.000542531 2.30025 0.0289883 -0.000130643 -0.140741 -1.31745e-05 
-0.000427238 2.317 0.029022 -0.000132964 -0.143166 -1.31999e-05 
-0.000313648 2.33354 0.0290554 -0.00013525 -0.145563 -1.32234e-05 
-0.000201757 2.34988 0.0290883 -0.000137501 -0.147931 -1.3245e-05 
-9.15607e-05 2.366 0.0291208 -0.000139717 -0.15027 -1.32648e-05 
1.69464e-05 2.38191 0.029153 -0.000141898 -0.15258 -1.32828e-05 
0.000123769 2.39762 0.0291848 -0.000144045 -0.154862 -1.32992e-05 
0.00022891 2.41311 0.0292162 -0.000146157 -0.157114 -1.33138e-05 
0.000332376 2.4284 0.0292472 -0.000148235 -0.159337 -1.33268e-05 
0.000434171 2.44347 0.0292779 -0.000150278 -0.161531 -1.33382e-05 
0.000534299 2.45834 0.0293082 -0.000152286 -0.163695 -1.3348e-05 
0.000632764 2.47299 0.0293382 -0.00015426 -0.165831 -1.33563e-05 
0.000729573 2.48744 0.0293679 -0.0001562 -0.167938 -1.33631e-05 
0.000824728 2.50167 0.0293972 -0.000158104 -0.170015 -1.33684e-05 
0.000918236 2.5157 0.0294262 -0.000159974 -0.172063 -1.33722e-05 
0.0010101 2.52952 0.029455 -0.000161809 -0.174083 -1.33747e-05 
0.00110033 2.54313 0.0294833 -0.000163609 -0.176073 -1.33757e-05 
0.00118892 2.55653 0.0295114 -0.000165374 -0.178033 -1.33753e-05 
0.00127589 2.56972 0.0295392 -0.000167104 -0.179965 -1.33736e-05 
0.00136123 2.5827 0.0295667 -0.000168798 -0.181868 -1.33705e-05 
0.00144495 2.59548 0.0295939 -0.000170457 -0.183742 -1.33661e-05 
0.00152707 2.60805 0.0296209 -0.00017208 -0.185587 -1.33604e-05 
0.00160758 2.62041 0.0296475 -0.000173668 -0.187402 -1.33535e-05 
0.00168648 2.63256 0.0296739 -0.000175219 -0.189189 -1.33452e-05 
0.00176379 2.64451 0.0297 -0.000176735 -0.190947 -1.33357e-05 
0.00183952 2.65626 0.0297258 -0.000178214 -0.192677 -1.33249e-05 
0.00191366 2.6678 0.0297513 -0.000179657 -0.194377 -1.33128e-05 
0.00198622 2.67914 0.0297766 -0.000181064 -0.196049 -1.32996e-05 
0.00205721 2.69027 0.0298017 -0.000182434 -0.197693 -1.32851e-05 
0.00212664 2.7012 0.0298264 -0.000183767 -0.199307 -1.32695e-05 
0.00219452 2.71193 0.029851 -0.000185063 -0.200894 -1.32526e-05 
0.00226084 2.72246 0.0298752 -0.000186322 -0.202452 -1.32345e-05 
0.00232562 2.73279 0.0298992 -0.000187544 -0.203982 -1.32153e-05 
0.00238886 2.74292 0.029923 -0.000188729 -0.205484 -1.31949e-05 
0.00245057 2.75285 0.0299465 -0.000189876 -0.206957 -1.31733e-05 
0.00251077 2.76259 0.0299698 -0.000190985 -0.208403 -1.31506e-05 
0.00256945 2.77212 0.0299929 -0.000192057 -0.209821 -1.31267e-05 
0.00262662 2.78146 0.0300157 -0.000193091 -0.211211 -1.31016e-05 
0.00268229 2.79061 0.0300382 -0.000194087 -0.212574 -1.30755e-05 
0.00273648 2.79956 0.0300606 -0.000195045 -0.213909 -1.30482e-05 
0.00278918 2.80832 0.0300827 -0.000195965 -0.215217 -1.30198e-05 
0.00284041 2.81689 0.0301046 -0.000196846 -0.216497 -1.29902e-05 
0.00289018 2.82526 0.0301262 -0.00019769 -0.217751 -1.29596e-05 
0.00293849 2.83345 0.0301476 -0.000198495 -0.218977 -1.29278e-05 
0.00298535 2.84145 0.0301688 -0.000199262 -0.220177 -1.2895e-05 
0.00303077 2.84926 0.0301898 -0.00019999 -0.22135 -1.2861e-05 
0.00307476 2.85688 0.0302106 -0.000200679 -0.222496 -1.2826e-05 
0.00311734 2.86432 0.0302312 -0.000201331 -0.223616 -1.27899e-05 
0.0031585 2.87157 0.0302515 -0.000201943 -0.22471 -1.27527e-05 
0.00319827 2.87864 0.0302716 -0.000202517 -0.225778 -1.27144e-05 
0.00323664 2.88553 0.0302916 -0.000203053 -0.22682 -1.2675e-05 
0.00327363 2.89224 0.0303113 -0.00020355 -0.227836 -1.26346e-05 
0.00330925 2.89877 0.0303308 -0.000204008 -0.228826 -1.25932e-05 
0.00334352 2.90513 0.0303501 -0.000204428 -0.229791 -1.25506e-05 
0.00337643 2.9113 0.0303692 -0.00020481 -0.230731 -1.25071e-05 
0.003408 2.9173 0.0303881 -0.000205153 -0.231646 -1.24625e-05 
0.00343825 2.92313 0.0304068 -0.000205458 -0.232536 -1.24168e-05 
0.00346717 2.92878 0.0304253 -0.000205724 -0.233401 -1.23702e-05 
0.0034948 2.93426 0.0304437 -0.000205953 -0.234242 -1.23225e-05 
0.00352112 2.93958 0.0304618 -0.000206143 -0.235058 -1.22738e-05 
0.00354616 2.94472 0.0304797 -0.000206295 -0.23585 -1.22241e-05 
0.00356993 2.9497 0.0304975 -0.000206409 -0.236618 -1.21734e-05 
0.00359244 2.95451 0.0305151 -0.000206486 -0.237362 -1.21216e-05 
0.0036137 2.95916 0.0305325 -0.000206525 -0.238083 -1.20689e-05 
0.00363372 2.96365 0.0305497 -0.000206526 -0.23878 -1.20153e-05 
0.00365252 2.96797 0.0305668 -0.000206491 -0.239455 -1.19606e-05 
0.0036701 2.97214 0.0305836 -0.000206418 -0.240106 -1.1905e-05 
0.00368649 2.97614 0.0306003 -0.000206308 -0.240734 -1.18484e-05 
0.00370168 2.97999 0.0306169 -0.000206161 -0.24134 -1.17909e-05 
0.0037157 2.98369 0.0306332 -0.000205978 -0.241924 -1.17324e-05 
0.00372855 2.98723 0.0306494 -0.000205758 -0.242485 -1.1673e-05 
0.00374026 2.99062 0.0306655 -0.000205503 -0.243024 -1.16126e-05 
0.00375082 2.99386 0.0306814 -0.000205211 -0.243542 -1.15514e-05 
0.00376026 2.99695 0.0306971 -0.000204884 -0.244038 -1.14892e-05 
0.00376859 2.9999 0.0307126 -0.000204521 -0.244513 -1.14261e-05 
0.00377582 3.0027 0.0307281 -0.000204123 -0.244967 -1.13622e-05 
0.00378197 3.00535 0.0307433 -0.000203691 -0.2454 -1.12973e-05 
0.00378704 3.00786 0.0307585 -0.000203224 -0.245812 -1.12316e-05 
0.00379106 3.01023 0.0307735 -0.000202722 -0.246204 -1.11651e-05 
0.00379403 3.01247 0.0307883 -0.000202187 -0.246576 -1.10977e-05 
0.00379596 3.01456 0.030803 -0.000201618 -0.246928 -1.10294e-05 
0.00379688 3.01652 0.0308176 -0.000201016 -0.24726 -1.09603e-05 
0.0037968 3.01835 0.030832 -0.00020038 -0.247573 -1.08904e-05 
0.00379572 3.02004 0.0308463 -0.000199712 -0.247866 -1.08197e-05 
0.00379367 3.0216 0.0308605 -0.000199012 -0.24814 -1.07482e-05 
0.00379066 3.02304 0.0308746 -0.00019828 -0.248396 -1.06759e-05 
0.0037867 3.02434 0.0308885 -0.000197516 -0.248633 -1.06028e-05 
0.0037818 3.02552 0.0309023 -0.000196722 -0.248851 -1.0529e-05 
0.00377598 3.02658 0.030916 -0.000195896 -0.249052 -1.04544e-05 
0.00376926 3.02752 0.0309296 -0.00019504 -0.249234 -1.03791e-05 
0.00376165 3.02833 0.0309431 -0.000194154 -0.249399 -1.03031e-05 
0.00375315 3.02902 0.0309565 -0.000193238 -0.249547 -1.02263e-05 
0.0037438 3.0296 0.0309698 -0.000192294 -0.249678 -1.01489e-05 
0.0037336 3.03006 0.030983 -0.00019132 -0.249791 -1.00707e-05 
0.00372256 3.03041 0.0309961 -0.000190318 -0.249888 -9.99195e-06 
0.0037107 3.03065 0.031009 -0.000189289 -0.249968 -9.9125e-06 
0.00369804 3.03078 0.0310219 -0.000188232 -0.250033 -9.8324e-06 
0.00368459 3.03079 0.0310347 -0.000187148 -0.250081 -9.75167e-06 
0.00367036 3.0307 0.0310475 -0.000186038 -0.250114 -9.67033e-06 
0.00365537 3.03051 0.0310601 -0.000184901 -0.250131 -9.58839e-06 
0.00363964 3.03021 0.0310727 -0.000183739 -0.250132 -9.50587e-06 
0.00362317 3.02981 0.0310852 -0.000182552 -0.250119 -9.42277e-06 
0.00360598 3.02931 0.0310976 -0.000181341 -0.250091 -9.33912e-06 
0.00358809 3.02871 0.0311099 -0.000180105 -0.250049 -9.25493e-06 
0.00356952 3.02802 0.0311222 -0.000178846 -0.249992 -9.17021e-06 
0.00355027 3.02723 0.0311345 -0.000177563 -0.249921 -9.08499e-06 
0.00353036 3.02635 0.0311466 -0.000176258 -0.249837 -8.99927e-06 
0.0035098 3.02537 0.0311587 -0.000174931 -0.249739 -8.91307e-06 
0.00348862 3.02431 0.0311708 -0.000173583 -0.249627 -8.82641e-06 
0.00346682 3.02315 0.0311828 -0.000172213 -0.249503 -8.7393e-06 
0.00344442 3.02192 0.0311948 -0.000170823 -0.249366 -8.65177e-06 
0.00342143 3.02059 0.0312067 -0.000169413 -0.249216 -8.56382e-06 
0.00339788 3.01918 0.0312186 -0.000167983 -0.249053 -8.47547e-06 
0.00337376 3.0177 0.0312304 -0.000166534 -0.248879 -8.38674e-06 
0.00334911 3.01613 0.0312422 -0.000165067 -0.248692 -8.29765e-06 
0.00332392 3.01448 0.031254 -0.000163582 -0.248494 -8.20821e-06 
0.00329822 3.01276 0.0312657 -0.00016208 -0.248285 -8.11844e-06 
0.00327202 3.01096 0.0312775 -0.000160561 -0.248064 -8.02836e-06 
0.00324534 3.00909 0.0312892 -0.000159026 -0.247833 -7.93799e-06 
0.00321818 3.00715 0.0313009 -0.000157475 -0.247591 -7.84733e-06 
0.00319057 3.00514 0.0313126 -0.000155909 -0.247338 -7.75641e-06 
0.00316251 3.00306 0.0313242 -0.000154328 -0.247075 -7.66525e-06 
0.00313403 3.00091 0.0313359 -0.000152733 -0.246802 -7.57386e-06 
0.00310513 2.9987 0.0313476 -0.000151125 -0.246519 -7.48226e-06 
0.00307583 2.99643 0.0313592 -0.000149503 -0.246227 -7.39047e-06 
0.00304614 2.99409 0.0313709 -0.000147869 -0.245925 -7.29851e-06 
0.00301608 2.99169 0.0313826 -0.000146224 -0.245614 -7.20638e-06 
0.00298566 2.98924 0.0313943 -0.000144566 -0.245294 -7.11412e-06 
0.00295489 2.98673 0.031406 -0.000142899 -0.244966 -7.02174e-06 
0.0029238 2.98416 0.0314177 -0.00014122 -0.244629 -6.92925e-06 
0.00289238 2.98154 0.0314294 -0.000139532 -0.244284 -6.83668e-06 
0.00286066 2.97886 0.0314412 -0.000137835 -0.243931 -6.74403e-06 
0.00282864 2.97614 0.0314529 -0.00013613 -0.24357 -6.65134e-06 
0.00279635 2.97336 0.0314647 -0.000134416 -0.243202 -6.55861e-06 
0.00276378 2.97054 0.0314766 -0.000132694 -0.242826 -6.46586e-06 
0.00273097 2.96767 0.0314885 -0.000130966 -0.242443 -6.37312e-06 
0.00269792 2.96476 0.0315004 -0.000129231 -0.242054 -6.28039e-06 
0.00266464 2.96181 0.0315123 -0.00012749 -0.241657 -6.18771e-06 
0.00263114 2.95881 0.0315243 -0.000125744 -0.241254 -6.09507e-06 
0.00259744 2.95577 0.0315364 -0.000123992 -0.240845 -6.00251e-06 
0.00256355 2.95269 0.0315485 -0.000122236 -0.24043 -5.91003e-06 
0.00252949 2.94958 0.0315607 -0.000120477 -0.240009 -5.81766e-06 
0.00249526 2.94643 0.0315729 -0.000118714 -0.239582 -5.72542e-06 
0.00246087 2.94324 0.0315851 -0.000116948 -0.23915 -5.63331e-06 
0.00242635 2.94002 0.0315975 -0.00011518 -0.238712 -5.54136e-06 
0.00239169 2.93677 0.0316099 -0.00011341 -0.23827 -5.44959e-06 
0.00235692 2.93349 0.0316224 -0.000111638 -0.237822 -5.358e-06 
0.00232204 2.93018 0.0316349 -0.000109866 -0.23737 -5.26663e-06 
0.00228707 2.92684 0.0316475 -0.000108093 -0.236914 -5.17547e-06 
0.00225201 2.92347 0.0316602 -0.000106321 -0.236453 -5.08456e-06 
0.00221689 2.92008 0.031673 -0.000104549 -0.235988 -4.99391e-06 
0.0021817 2.91667 0.0316859 -0.000102778 -0.235519 -4.90353e-06 
0.00214646 2.91323 0.0316988 -0.000101008 -0.235047 -4.81344e-06 
0.00211118 2.90978 0.0317119 -9.92408e-05 -0.234571 -4.72365e-06 
0.00207587 2.9063 0.031725 -9.74757e-05 -0.234092 -4.63418e-06 
0.00204055 2.9028 0.0317382 -9.57135e-05 -0.233609 -4.54505e-06 
0.00200522 2.89929 0.0317515 -9.39547e-05 -0.233124 -4.45628e-06 
0.00196989 2.89576 0.0317649 -9.21996e-05 -0.232636 -4.36787e-06 
0.00193457 2.89221 0.0317785 -9.04487e-05 -0.232145 -4.27984e-06 
0.00189928 2.88865 0.0317921 -8.87025e-05 -0.231651 -4.19222e-06 
0.00186402 2.88508 0.0318058 -8.69613e-05 -0.231156 -4.105e-06 
0.0018288 2.8815 0.0318197 -8.52255e-05 -0.230658 -4.01821e-06 
0.00179363 2.8779 0.0318336 -8.34957e-05 -0.230159 -3.93187e-06 
0.00175852 2.8743 0.0318477 -8.17721e-05 -0.229657 -3.84597e-06 
0.00172349 2.87069 0.0318619 -8.00551e-05 -0.229154 -3.76055e-06 
0.00168853 2.86707 0.0318762 -7.83452e-05 -0.22865 -3.67561e-06 
0.00165366 2.86345 0.0318906 -7.66428e-05 -0.228144 -3.59117e-06 
0.00161889 2.85982 0.0319052 -7.49481e-05 -0.227637 -3.50724e-06 
0.00158422 2.85618 0.0319199 -7.32616e-05 -0.227129 -3.42384e-06 
0.00154967 2.85255 0.0319347 -7.15837e-05 -0.226621 -3.34097e-06 
0.00151524 2.84891 0.0319496 -6.99146e-05 -0.226111 -3.25865e-06 
0.00148093 2.84527 0.0319647 -6.82547e-05 -0.225602 -3.17689e-06 
0.00144677 2.84163 0.0319799 -6.66044e-05 -0.225091 -3.0957e-06 
0.00141275 2.838 0.0319953 -6.49641e-05 -0.224581 -3.0151e-06 
0.00137717 2.83134 0.031978 -6.32262e-05 -0.223834 -2.9287e-06 
0.00134049 2.82482 0.0319515 -6.19897e-05 -0.223014 -2.85942e-06 
0.00130286 2.81841 0.0319177 -6.10256e-05 -0.222163 -2.80565e-06 
0.00126439 2.8121 0.0318786 -6.02028e-05 -0.2213 -2.76475e-06 
0.00122519 2.80588 0.0318358 -5.94436e-05 -0.220436 -2.73386e-06 
0.00118535 2.79975 0.0317905 -5.87007e-05 -0.219577 -2.7103e-06 
0.00114496 2.79369 0.031744 -5.7944e-05 -0.218724 -2.69171e-06 
0.00110408 2.78772 0.0316969 -5.71542e-05 -0.21788 -2.67608e-06 
0.00106279 2.78182 0.0316502 -5.63189e-05 -0.217045 -2.66177e-06 
0.00102116 2.776 0.0316043 -5.54302e-05 -0.21622 -2.64745e-06 
0.000979253 2.77026 0.0315597 -5.44834e-05 -0.215405 -2.63204e-06 
0.000937123 2.76459 0.0315167 -5.34761e-05 -0.2146 -2.61473e-06 
0.000894831 2.759 0.0314755 -5.24077e-05 -0.213805 -2.59488e-06 
0.000852429 2.75349 0.0314363 -5.12788e-05 -0.213021 -2.57203e-06 
0.000809971 2.74806 0.0313991 -5.00909e-05 -0.212247 -2.54585e-06 
0.000767504 2.7427 0.0313641 -4.88461e-05 -0.211483 -2.51613e-06 
0.000725074 2.73743 0.0313312 -4.75472e-05 -0.21073 -2.48274e-06 
0.000682728 2.73223 0.0313004 -4.61972e-05 -0.209988 -2.44564e-06 
0.000640505 2.72711 0.0312717 -4.47996e-05 -0.209256 -2.40483e-06 
0.000598448 2.72207 0.031245 -4.33576e-05 -0.208536 -2.36038e-06 
0.000556593 2.7171 0.0312202 -4.1875e-05 -0.207826 -2.31238e-06 
0.000514977 2.71222 0.0311972 -4.03553e-05 -0.207127 -2.26096e-06 
0.000473634 2.70742 0.0311759 -3.88022e-05 -0.206439 -2.20627e-06 
0.000432598 2.7027 0.0311563 -3.72191e-05 -0.205762 -2.14848e-06 
0.000391898 2.69805 0.0311383 -3.56096e-05 -0.205096 -2.08777e-06 
0.000351565 2.69349 0.0311217 -3.39771e-05 -0.204442 -2.02434e-06 
0.000311627 2.68901 0.0311064 -3.2325e-05 -0.203798 -1.95836e-06 
0.000272108 2.68461 0.0310924 -3.06564e-05 -0.203166 -1.89005e-06 
0.000233035 2.68029 0.0310797 -2.89745e-05 -0.202544 -1.81959e-06 
0.00019443 2.67605 0.031068 -2.72823e-05 -0.201934 -1.7472e-06 
0.000156316 2.67189 0.0310573 -2.55826e-05 -0.201335 -1.67305e-06 
0.000118712 2.66781 0.0310476 -2.38782e-05 -0.200747 -1.59735e-06 
8.16379e-05 2.66381 0.0310389 -2.21718e-05 -0.20017 -1.52028e-06 
4.51119e-05 2.65989 0.0310309 -2.04658e-05 -0.199605 -1.44202e-06 
9.15048e-06 2.65605 0.0310237 -1.87627e-05 -0.19905 -1.36275e-06 
-2.62309e-05 2.65229 0.0310173 -1.70647e-05 -0.198507 -1.28264e-06 
-6.1018e-05 2.64861 0.0310115 -1.53741e-05 -0.197975 -1.20186e-06 
-9.51976e-05 2.64501 0.0310064 -1.36928e-05 -0.197453 -1.12056e-06 
-0.000128758 2.64149 0.0310019 -1.20228e-05 -0.196943 -1.0389e-06 
-0.000161687 2.63805 0.0309979 -1.0366e-05 -0.196444 -9.57013e-07 
-0.000193975 2.63468 0.0309945 -8.72406e-06 -0.195955 -8.75051e-07 
-0.000225614 2.63139 0.0309915 -7.09863e-06 -0.195478 -7.93141e-07 
-0.000256595 2.62819 0.0309891 -5.49124e-06 -0.195011 -7.11411e-07 
-0.000286911 2.62505 0.030987 -3.90334e-06 -0.194555 -6.2998e-07 
-0.000316556 2.622 0.0309854 -2.33626e-06 -0.19411 -5.48961e-07 
-0.000345524 2.61902 0.0309842 -7.91258e-07 -0.193675 -4.68462e-07 
-0.00037381 2.61612 0.0309834 7.30492e-07 -0.193251 -3.88583e-07 
-0.000401411 2.61329 0.030983 2.22791e-06 -0.192838 -3.09421e-07 
-0.000428323 2.61053 0.0309829 3.7e-06 -0.192435 -2.31065e-07 
-0.000454545 2.60785 0.0309831 5.14583e-06 -0.192042 -1.53599e-07 
-0.000480074 2.60525 0.0309837 6.56456e-06 -0.19166 -7.71015e-08 
-0.00050491 2.60271 0.0309845 7.95541e-06 -0.191288 -1.6466e-09 
-0.000529052 2.60025 0.0309857 9.31768e-06 -0.190926 7.26975e-08 
-0.0005525 2.59786 0.0309872 1.06507e-05 -0.190574 1.45867e-07 
-0.000575255 2.59555 0.0309889 1.1954e-05 -0.190232 2.17804e-07 
-0.000597318 2.5933 0.030991 1.32269e-05 -0.1899 2.88454e-07 
-0.000618692 2.59112 0.0309932 1.44692e-05 -0.189578 3.57767e-07 
-0.000639379 2.58901 0.0309958 1.56802e-05 -0.189265 4.25697e-07 
-0.000659381 2.58697 0.0309986 1.68598e-05 -0.188963 4.92204e-07 
-0.000678702 2.585 0.0310016 1.80076e-05 -0.188669 5.57249e-07 
-0.000697346 2.58309 0.0310048 1.91235e-05 -0.188386 6.208e-07 
-0.000715318 2.58125 0.0310083 2.02071e-05 -0.188111 6.82825e-07 
-0.00073262 2.57948 0.031012 2.12585e-05 -0.187846 7.43299e-07 
-0.000749259 2.57777 0.0310159 2.22774e-05 -0.18759 8.02198e-07 
-0.000765241 2.57613 0.0310201 2.32638e-05 -0.187343 8.59503e-07 
-0.00078057 2.57455 0.0310244 2.42178e-05 -0.187105 9.15195e-07 
-0.000795252 2.57303 0.0310289 2.51393e-05 -0.186876 9.69261e-07 
-0.000809294 2.57157 0.0310336 2.60284e-05 -0.186656 1.02169e-06 
-0.000822703 2.57018 0.0310385 2.68851e-05 -0.186444 1.07247e-06 
-0.000835485 2.56884 0.0310435 2.77097e-05 -0.186241 1.1216e-06 
-0.000847647 2.56757 0.0310488 2.85023e-05 -0.186047 1.16908e-06 
-0.000859197 2.56635 0.0310542 2.9263e-05 -0.18586 1.21489e-06 
-0.000870142 2.56519 0.0310597 2.99921e-05 -0.185683 1.25905e-06 
-0.00088049 2.56409 0.0310654 3.06898e-05 -0.185513 1.30156e-06 
-0.000890249 2.56305 0.0310713 3.13564e-05 -0.185351 1.34242e-06 
-0.000899427 2.56206 0.0310773 3.19921e-05 -0.185197 1.38163e-06 
-0.000908032 2.56112 0.0310835 3.25972e-05 -0.185051 1.4192e-06 
-0.000916072 2.56024 0.0310897 3.31721e-05 -0.184913 1.45516e-06 
-0.000923556 2.55942 0.0310961 3.37172e-05 -0.184782 1.48949e-06 
-0.000930494 2.55864 0.0311027 3.42327e-05 -0.184658 1.52223e-06 
-0.000936892 2.55792 0.0311093 3.47191e-05 -0.184542 1.55337e-06 
-0.000942761 2.55725 0.0311161 3.51767e-05 -0.184434 1.58295e-06 
-0.00094811 2.55662 0.0311229 3.56059e-05 -0.184332 1.61097e-06 
-0.000952946 2.55605 0.0311299 3.60072e-05 -0.184238 1.63745e-06 
-0.00095728 2.55552 0.031137 3.6381e-05 -0.18415 1.66241e-06 
-0.000961121 2.55505 0.0311441 3.67277e-05 -0.184069 1.68587e-06 
-0.000964477 2.55462 0.0311514 3.70478e-05 -0.183995 1.70786e-06 
-0.000967358 2.55423 0.0311587 3.73417e-05 -0.183928 1.72838e-06 
-0.000969774 2.55389 0.0311661 3.76099e-05 -0.183867 1.74747e-06 
-0.000971733 2.55359 0.0311736 3.78529e-05 -0.183812 1.76514e-06 
